Name,IDfg
A.J. Achter,11387
A.J. Alexy,22343
A.J. Blubaugh,31764
A.J. Burnett,512
A.J. Cole,11467
A.J. Griffin,11132
A.J. Ladwig,16266
A.J. Minter,18655
A.J. Morris,9919
A.J. Murray,3422
A.J. Puk,19343
A.J. Reed,16246
A.J. Sager,1011369
A.J. Schugel,11432
AJ Ramos,8350
AJ Smith-Shawver,29960
Aaron Altherr,11270
Aaron Ashby,23550
Aaron Barrett,11243
Aaron Blair,14934
Aaron Brooks,12272
Aaron Bummer,16258
Aaron Civale,19479
Aaron Cook,1571
Aaron Crow,10149
Aaron Fletcher,22052
Aaron Fultz,1113
Aaron Harang,1451
Aaron Heilman,1751
Aaron Hicks,5297
Aaron Laffey,6248
Aaron Looper,1788
Aaron Loup,10343
Aaron Miles,1844
Aaron Myette,1263
Aaron Nola,16149
Aaron Northcraft,10218
Aaron Poreda,4313
Aaron Rakers,2638
Aaron Sanchez,11490
Aaron Scheffer,1011534
Aaron Sele,34
Aaron Slegers,15231
Aaron Small,1477
Aaron Taylor,1627
Aaron Thompson,999
Aaron Wilkerson,16904
Abe Alvarez,6259
Abel De Los Santos,12962
Abner Uribe,25327
Abraham Nunez,1420
Abraham Toro,19844
Adalberto Mejia,13188
Adalberto Mendez,3752
Adam Bernero,460
Adam Butler,1001768
Adam Cimber,15288
Adam Conley,14457
Adam Dunn,319
Adam Eaton,1029
Adam Eaton,11205
Adam Johnson,733
Adam Kloffenstein,24493
Adam Kolarek,10843
Adam LaRoche,1904
Adam Liberatore,10637
Adam Loewen,2134
Adam Mazur,31900
Adam McCreery,19550
Adam Morgan,12580
Adam Oller,20132
Adam Ottavino,1247
Adam Peterson,4523
Adam Peterson,1010220
Adam Pettyjohn,489
Adam Plutko,15846
Adam Rosales,9682
Adam Russell,7334
Adam Wainwright,2233
Adam Warren,9029
Adam Wilk,8421
Adbert Alzolay,17859
Addison Reed,10586
Adonis Medina,19903
Adonis Rosa,17942
Adrian Devine,1003243
Adrian Hernandez,1504
Adrian Houser,12718
Adrian Martinez,21023
Adrian Morejon,20039
Adrian Sampson,13339
Agustin Montero,2268
Akeel Morris,12185
Akeem Bostick,15979
Akinori Otsuka,1895
Al Aber,1000016
Al Alburquerque,6324
Al Autry,1000375
Al Benton,1000853
Al Brazle,1001371
Al Cicotte,1002235
Al Closter,1002361
Al Corwin,1002647
Al Downing,1003450
Al Epperly,1003797
Al Fitzmorris,1004119
Al Gettel,1004644
Al Grunwald,1005109
Al Holland,1005947
Al Hrabosky,1006116
Al Jackson,1006288
Al Jones,1006524
Al Lachowicz,1007236
Al Lary,1007363
Al Leiter,883
Al Levine,20
Al McBean,1008337
Al Neiger,1009488
Al Nipper,1009602
Al Olmsted,1009785
Al Osuna,1009888
Al Papai,1009981
Al Raffo,1010647
Al Reyes,1005
Al Santorini,1011444
Al Schmelz,1011573
Al Schroll,1011617
Al Severinsen,1011760
Al Sima,1011976
Al Stanek,1012398
Al Widmar,1013921
Al Worthington,1014260
Alan Benes,265
Alan Brice,1001413
Alan Busenitz,15239
Alan Embree,1030
Alan Foster,1004246
Alan Fowlkes,1004272
Alan Hargesheimer,1005357
Alan Johnson,917
Alan Koch,1007068
Alan Mills,1008949
Alan Newman,1009540
Alan Rangel,19524
Alan Trejo,20056
Alan Wirth,1014148
Alay Soler,8542
Albert Abreu,17485
Albert Almora Jr.,14109
Albert Pujols,1177
Albert Suarez,6175
Albert Williams,1013971
Alberto Arias,3087
Alberto Baldonado,11812
Alberto Cabrera,8352
Alberto Castillo,3316
Alberto Gonzalez,4906
Albie Lopez,102
Alcides Escobar,6310
Alec Asher,13560
Alec Bettinger,20312
Alec Burleson,27615
Alec Distaso,1003325
Alec Marsh,27451
Alec Mills,13834
Alejandro Chacin,13530
Alejandro Pena,1010140
Alejo Lopez,21127
Alek Jacob,29628
Alek Manoah,26410
Alex Avila,7476
Alex Blandino,16271
Alex Burnett,4065
Alex Carrillo,26463
Alex Claudio,12890
Alex Cobb,6562
Alex Colome,6661
Alex Faedo,19874
Alex Fernandez,1003993
Alex Gordon,5209
Alex Graman,1910
Alex Herrera,1505
Alex Hinshaw,3941
Alex Jackson,17276
Alex Kellner,1006785
Alex Konikowski,1007095
Alex Lange,19883
Alex Madrid,1007958
Alex McRae,16317
Alex Meyer,12833
Alex Pacheco,1009934
Alex Reyes,15015
Alex Sanabia,5350
Alex Sanchez,1011405
Alex Serrano,2436
Alex Speas,21859
Alex Torres,7038
Alex Vesia,25007
Alex Wells,19845
Alex White,10054
Alex Wilson,9239
Alex Wimmers,11394
Alex Wood,13781
Alex Young,18333
Alexei Ramirez,5133
Alexi Amarista,9063
Alexi Ogando,10261
Alexis Diaz,21132
Alfonso Pulido,1010566
Alfredo Aceves,5164
Alfredo Figaro,8404
Alfredo Martinez,1008151
Alfredo Simon,2155
Ali Sanchez,18551
Allan Anderson,1000216
Allan Ramirez,1010667
Allan Simpson,1864
Allan Winans,21238
Allen Levrault,925
Allen McDill,1008453
Allen Ripley,1010979
Allen Watson,1013675
Allen Webster,3993
Allie Reynolds,1010860
Alton Brown,1001492
Alvaro Espinoza,1003828
Alvin Dark,1002987
Alvin Morman,1009193
Amalio Carreno,1001987
Amauri Sanit,5436
Amaury Telemaco,1802
Ambiorix Burgos,3246
Amed Rosario,15518
Amir Garrett,14375
Amos Willingham,26128
Anastacio Martinez,1944
Anderson Espinoza,18593
Anderson Garcia,3377
Anderson Severino,20582
Andre Granillo,29542
Andre Jackson,21298
Andre Pallante,26108
Andre Rienzo,3507
Andre Scrubb,20329
Andrelton Simmons,10847
Andres Berumen,1000919
Andres Blanco,1907
Andres Machado,14681
Andres Munoz,20373
Andrew Abbott,29911
Andrew Albers,7853
Andrew Alvarez,29914
Andrew Bailey,1368
Andrew Bellatti,10657
Andrew Brackman,2365
Andrew Brown,2115
Andrew Carignan,2431
Andrew Carpenter,9533
Andrew Cashner,8782
Andrew Chafin,12988
Andrew Faulkner,12982
Andrew Heaney,15423
Andrew Hoffmann,29633
Andrew Kittredge,12828
Andrew Knapp,14942
Andrew Knizner,19514
Andrew Lorraine,1583
Andrew McKirahan,12870
Andrew Miller,6785
Andrew Moore,17553
Andrew Nardi,25942
Andrew Oliver,10257
Andrew Romine,1159
Andrew Saalfrank,26203
Andrew Suarez,18300
Andrew Taylor,7896
Andrew Triggs,13533
Andrew Vasquez,19482
Andrew Walters,33834
Andrew Wantz,24933
Andrew Werner,11783
Andry Lara,27967
Andy Ashby,637
Andy Beene,1000773
Andy Benes,1144
Andy Burns,12779
Andy Carter,1002012
Andy Cavazos,2668
Andy Cook,1002564
Andy Good,1690
Andy Hansen,1005323
Andy Hassler,1005480
Andy Hawkins,1005514
Andy Larkin,1007345
Andy Marte,3203
Andy McGaffigan,1008497
Andy Messersmith,1008799
Andy Pettitte,840
Andy Pratt,1640
Andy Replogle,1010840
Andy Rincon,1010970
Andy Sisco,3706
Andy Sonnanstine,7667
Andy Tomberlin,1013108
Andy Van Hekken,1630
Andy Varga,1013366
Aneury Rodriguez,8948
Aneurys Zabala,20802
Angel Castro,3243
Angel Chivilli,26790
Angel De Jesus,22323
Angel Felipe,21163
Angel Guzman,2145
Angel Miranda,1008990
Angel Moreno,1009163
Angel Nesbitt,13415
Angel Perdomo,17759
Angel Rondon,22036
Angel Sanchez,11776
Angel Torres,1013127
Angel Zerpa,22717
Angelo Lipetri,1007644
Anibal Sanchez,3284
Anthony Banda,14706
Anthony Bass,7982
Anthony Bemboom,13854
Anthony Bender,19742
Anthony Castro,19789
Anthony Chavez,1002168
Anthony Claggett,4116
Anthony DeSclafani,13050
Anthony Ferrari,1733
Anthony Gose,5097
Anthony Kay,20387
Anthony Lerew,3440
Anthony Maldonado,26034
Anthony Misiewicz,18152
Anthony Molina,26952
Anthony Ortega,6745
Anthony Ranaudo,11424
Anthony Reyes,7105
Anthony Rizzo,3473
Anthony Seigler,23802
Anthony Shumaker,1011943
Anthony Slama,3064
Anthony Swarzak,7466
Anthony Telford,1282
Anthony Varvaro,2385
Anthony Vasquez,6577
Anthony Veneziano,27453
Anthony Young,1014362
Antonio Alfonseca,260
Antonio Bastardo,8844
Antonio Osuna,249
Antonio Santos,20383
Antonio Senzatela,15488
Aquilino Lopez,1671
Arcenio Leon,8846
Archie Bradley,12918
Archie Corbin,1002612
Archie Reynolds,1010861
Ariel Hernandez,15603
Ariel Jurado,17030
Ariel Miranda,17526
Ariel Pena,10240
Ariel Prieto,1010536
Armando Almanza,507
Armando Benitez,865
Armando Gabino,3387
Armando Galarraga,4222
Armando Reynoso,72
Arnie Munoz,2111
Arnie Portocarrero,1010459
Arnold Earley,1003626
Arnold Leon,5595
Arnold Umbach,1013275
Arodys Vizcaino,5498
Aroldis Chapman,10233
Arquimedes Caminero,8992
Art Ceccarelli,1002096
Art Ditmar,1003328
Art Fowler,1004268
Art Houtteman,1006066
Art Mahaffey,1007979
Art Quirk,1010620
Art Schallock,1011514
Art Warren,18251
Arthur Rhodes,1097
Artie Lewicki,16731
Arturo Lopez,3319
Asdrubal Cabrera,4962
Asher Wojciechowski,10836
Ashton Goudeau,15139
Ashur Tolliver,10044
Atahualpa Severino,5332
Atlee Hammaker,1005281
Aubrey Gatewood,1004573
Augie Ojeda,297
Aurelio Lopez,1007753
Aurelio Monteagudo,1009063
Austen Williams,16309
Austin Adams,13801
Austin Adams,7411
Austin Bibens-Dirkx,9559
Austin Brice,17237
Austin Cox,24604
Austin Davis,17117
Austin Gomber,16561
Austin Hedges,12976
Austin Kitchen,27910
Austin Maddox,14241
Austin Nola,15941
Austin Pope,26136
Austin Pruitt,15290
Austin Romine,5491
Austin Slater,16153
Austin Voth,15047
Austin Warren,24937
Austin Wynns,15271
B.J. Rosenberg,7183
B.J. Ryan,168
Babe Birrer,1000984
Bailey Falter,20070
Bailey Horn,27753
Bailey Ober,21224
Balor Moore,1009090
Balvino Galvez,1004465
Barney Martin,1008153
Barney Schultz,1011625
Barret Browning,9356
Barrett Astin,14812
Barry Cort,1002646
Barry Enright,2412
Barry Jones,1006526
Barry Latman,1007377
Barry Lersch,1007555
Barry Manuel,1008084
Barry Moore,1009089
Barry Raziano,1010735
Barry Zito,944
Bart Evans,1003860
Bart Johnson,1006422
Bart Miadich,23
Bartolo Colon,375
Bartolome Fortunato,2213
Beau Brieske,26079
Beau Burrows,18873
Beau Sulser,23420
Beiker Graterol,1004957
Beltran Perez,2116
Ben Blomdahl,1001082
Ben Bowden,20198
Ben Braymer,20175
Ben Brown,23590
Ben Callahan,1001838
Ben Casparius,30085
Ben Diggins,1599
Ben Flowers,1004173
Ben Ford,1858
Ben Hayes,1005523
Ben Heller,15100
Ben Hendrickson,2175
Ben Howard,1452
Ben Johnson,1006423
Ben Joyce,31461
Ben Kozlowski,1634
Ben Lively,14932
Ben McDonald,1008454
Ben Meyer,18854
Ben Rivera,1010999
Ben Rortvedt,20287
Ben Rowen,10983
Ben Sheets,710
Ben Taylor,18114
Ben Van Ryn,1013362
Ben Wade,1013469
Ben Weber,41
Ben Zobrist,7435
Benito Baez,1000408
Benj Sampson,1011397
Bennett Sousa,21345
Bennie Daniels,1002968
Bernardo Flores Jr.,19561
Bert Blyleven,1001098
Bert Bradley,1001303
Bert Campaneris,1001868
Bert Cueto,1002854
Bert Roberge,1011022
Bert Thiel,1012953
Bill Abernathie,1000018
Bill Atkinson,1000350
Bill Bell,1000798
Bill Bonham,1001165
Bill Bordley,1001200
Bill Bradford,1001298
Bill Bray,8538
Bill Burbach,1001654
Bill Butler,1001771
Bill Campbell,1001874
Bill Castro,1002077
Bill Caudill,1002088
Bill Champion,1002127
Bill Connelly,1002515
Bill Connors,1002522
Bill Currie,1002889
Bill Dailey,1002928
Bill Dawley,1003090
Bill Denehy,1003204
Bill Dillman,1003304
Bill Earley,1003628
Bill Edgerton,1003673
Bill Evans,1003862
Bill Faul,1003957
Bill Fischer,1004066
Bill Froats,1004370
Bill Fulton,1004403
Bill Gilbreth,1004699
Bill Gogolewski,1004802
Bill Graham,1004926
Bill Greason,1004980
Bill Greif,1005027
Bill Gullickson,1005136
Bill Hall,1605
Bill Hands,1005303
Bill Harrelson,1005386
Bill Harrington,1005397
Bill Harris,1005398
Bill Haywood,1005536
Bill Henry,1005666
Bill Henry,1005665
Bill Hepler,1005681
Bill Hurst,1006221
Bill Johnson,1006427
Bill Kelso,1006820
Bill Kennedy,1006834
Bill Kirk,1006966
Bill Koski,1007117
Bill Krueger,1007175
Bill Kunkel,1007210
Bill Landis,1007294
Bill Landrum,1007297
Bill Laskey,1007367
Bill Latham,1007372
Bill Laxton,1007411
Bill Lee,1007448
Bill Long,1007727
Bill MacDonald,1007899
Bill Miller,1008873
Bill Moisan,1009035
Bill Monbouquette,1009048
Bill Mooneyham,1009082
Bill Moran,1009145
Bill Murphy,4755
Bill Oster,1009881
Bill Parsons,1010026
Bill Paschall,1010037
Bill Pecota,1010117
Bill Pierro,1010336
Bill Pleis,1010393
Bill Pulsipher,842
Bill Risley,1010986
Bill Sampen,1011395
Bill Scherrer,1011552
Bill Short,1011929
Bill Simas,1011977
Bill Singer,1012007
Bill Slayback,1012062
Bill Smith,1012096
Bill Spanswick,1012303
Bill Stafford,1012375
Bill Stoneman,1012560
Bill Swaggerty,1012751
Bill Swift,1012788
Bill Travers,1013161
Bill Tremel,1013175
Bill Upton,1013294
Bill Voiselle,1013448
Bill Wakefield,1013497
Bill Wegman,1013727
Bill Werle,1013786
Bill Wertz,1013793
Bill Whitby,1013849
Bill White,3089
Bill Wight,1013933
Bill Wilkinson,1013953
Bill Wilson,1014063
Bill Wilson,1014064
Bill Zepp,1014431
Billy Brewer,1001404
Billy Buckner,8253
Billy Hoeft,1005893
Billy Koch,924
Billy Loes,1007699
Billy Macleod,1007930
Billy McCool,1008409
Billy Muffett,1009286
Billy O'Dell,1009724
Billy Petrick,4865
Billy Pierce,1010326
Billy Rohr,1011147
Billy Sadler,6235
Billy Smith,1012098
Billy Taylor,1012859
Billy Traber,410
Billy Wagner,578
Billy Wynne,1014311
Blade Tidwell,31701
Blaine Beatty,1000729
Blaine Boyer,2237
Blaine Hardy,6499
Blaine Neal,1468
Blair Calvo,25416
Blair Henley,26190
Blaise Ilsley,1006255
Blake Beavan,338
Blake Cederlind,20344
Blake Hawksworth,8963
Blake Parker,5224
Blake Smith,9780
Blake Snell,13543
Blake Stein,632
Blake Taylor,16418
Blake Treinen,12572
Blake Walston,26270
Blake Wood,1345
Blas Castano,26117
Blas Minor,1008982
Bligh Madris,20054
Blix Donnelly,1003381
Blue Moon Odom,1009726
Bo Belinsky,1000791
Bo McLaughlin,1008608
Bo Schultz,5028
Bob Alexander,1000120
Bob Allen,1000136
Bob Anderson,1000219
Bob Apodaca,1000279
Bob Ayrault,1000389
Bob Babcock,1000394
Bob Bailor,1000433
Bob Baird,1000437
Bob Blaylock,1001064
Bob Botz,1001229
Bob Bowman,1001266
Bob Bruce,1001573
Bob Buchanan,1001613
Bob Buhl,1001637
Bob Cain,1001820
Bob Chakales,1002113
Bob Chesnes,1002180
Bob Chipman,1002195
Bob Chlupsa,1002201
Bob Conley,1002505
Bob Darnell,1002990
Bob Davidson,1003024
Bob Davis,1003035
Bob Duliba,1003546
Bob Dustal,1003602
Bob Fallon,1003915
Bob Feller,1003975
Bob Ferris,1004011
Bob File,1301
Bob Forsch,1004233
Bob Friend,1004355
Bob Galasso,1004441
Bob Garber,1004492
Bob Garibaldi,1004535
Bob Gebhard,1004587
Bob Giallombardo,1004654
Bob Gibson,1004663
Bob Gibson,1004662
Bob Giggie,1004682
Bob Gillespie,1004708
Bob Greenwood,1004985
Bob Grim,1005060
Bob Habenicht,1005174
Bob Hall,1005237
Bob Harrison,1005401
Bob Hartman,1005452
Bob Heffner,1005578
Bob Hendley,1005637
Bob Hooper,1006001
Bob Howry,237
Bob Humphreys,1006184
Bob James,1006345
Bob Johnson,1006430
Bob Kaiser,1006671
Bob Kammeyer,1006682
Bob Keegan,1006744
Bob Kelly,1006795
Bob Kipper,1006956
Bob Knepper,1007031
Bob Kuzava,1007226
Bob Lacey,1007232
Bob Lee,1007449
Bob Lemon,1007517
Bob Locker,1007688
Bob Long,1007728
Bob Mabe,1007896
Bob MacDonald,1007900
Bob Mahoney,1007990
Bob Malloy,1008027
Bob McClure,1008400
Bob McCrory,5924
Bob Meyer,1008821
Bob Milacki,1008855
Bob Miller,1008875
Bob Miller,1008877
Bob Miller,1008876
Bob Milliken,1008943
Bob Moorhead,1009133
Bob Moose,1009134
Bob Muncrief,1009317
Bob Myrick,1009430
Bob O'Brien,1009683
Bob Ojeda,1009756
Bob Owchinko,1009914
Bob Patterson,1010055
Bob Porterfield,1010445
Bob Priddy,1010532
Bob Purkey,1010572
Bob Rauch,1010715
Bob Reed,1010761
Bob Reynolds,1010863
Bob Ross,1011222
Bob Rush,1011307
Bob Sadowski,1011363
Bob Scanlan,1011489
Bob Schultz,1011626
Bob Sebra,1011709
Bob Shaw,1011819
Bob Shirley,1011911
Bob Smith,1012103
Bob Smith,1012101
Bob Spicer,1012337
Bob Sprout,1012365
Bob Stanley,1012409
Bob Stoddard,1012555
Bob Strampe,1012594
Bob Sykes,1012798
Bob Terlecki,1012919
Bob Tewksbury,1012941
Bob Thorpe,1013043
Bob Trice,1013183
Bob Trowbridge,1013198
Bob Tufts,1013217
Bob Turley,1013225
Bob Veale,1013391
Bob Veselic,1013419
Bob Walk,1013507
Bob Watkins,1013668
Bob Welch,1013750
Bob Wells,760
Bob Wickman,413
Bob Wiesler,1013929
Bob Wolcott,1014184
Bob Zick,1014434
Bobby Ayala,1000384
Bobby Bolin,1001146
Bobby Bonilla,1001168
Bobby Cassevah,6950
Bobby Castillo,1002057
Bobby Chouinard,1002204
Bobby Cramer,2744
Bobby Cuellar,1002851
Bobby Darwin,1002995
Bobby Herrera,1005719
Bobby Hogue,1005931
Bobby Jenks,8645
Bobby Jones,1039
Bobby Jones,1454
Bobby Keppel,2229
Bobby Kline,1007003
Bobby Korecky,4608
Bobby LaFromboise,7758
Bobby Livingston,3876
Bobby Locke,1007687
Bobby Madritsch,2085
Bobby Miller,27483
Bobby Moore,1009094
Bobby Mosebach,6927
Bobby Munoz,1009326
Bobby Parnell,9926
Bobby Poyner,17987
Bobby Seay,1225
Bobby Shantz,1011804
Bobby Sprowl,1012367
Bobby Thigpen,1012958
Bobby Tiefenauer,1013057
Bobby Wahl,14832
Bobby Witt,1014170
Bobo Holloman,1005963
Bobo Newsom,1009546
Boof Bonser,2159
Boone Logan,5525
Bowden Francis,20548
Brad Arnsberg,1000323
Brad Bergesen,8375
Brad Boxberger,10133
Brad Brach,6627
Brad Brink,1001436
Brad Clontz,1002360
Brad Cornett,1002631
Brad Goldberg,14776
Brad Halsey,4760
Brad Hand,9111
Brad Havens,1005507
Brad Hennessey,3720
Brad Holman,1005970
Brad Keller,15734
Brad Kilby,9823
Brad Lesley,1007557
Brad Lidge,563
Brad Lincoln,4241
Brad Lord,31972
Brad Miller,12775
Brad Mills,4420
Brad Moore,1009096
Brad Peacock,5401
Brad Pennington,1010159
Brad Penny,535
Brad Radke,748
Brad Rigby,1010954
Brad Salmon,2625
Brad Thomas,757
Brad Thompson,4911
Brad Voyles,1490
Brad Wieck,16390
Brad Woodall,1014206
Brad Ziegler,7293
Braden Bristo,20494
Braden Looper,526
Braden Shipley,15158
Bradgley Rodriguez,29107
Bradin Hagens,7422
Bradley Blalock,26419
Brady Basso,25582
Brady Feigl,15968
Brady Lail,14707
Brady Raggio,1750
Brady Rodgers,13393
Brady Singer,25377
Brailyn Marquez,21896
Branden Kline,14101
Branden Pinder,12093
Brandon Backe,1529
Brandon Bailey,19582
Brandon Beachy,8851
Brandon Bielak,19866
Brandon Brennan,13527
Brandon Claussen,814
Brandon Crawford,5343
Brandon Cumpton,11366
Brandon Cunniff,11509
Brandon Dickson,6979
Brandon Dixon,15214
Brandon Drury,11615
Brandon Duckworth,954
Brandon Eisert,27668
Brandon Finnegan,16208
Brandon Gomes,2267
Brandon Guyer,2636
Brandon Hughes,23460
Brandon Kintzler,9939
Brandon Knight,831
Brandon Kolb,1007084
Brandon League,3731
Brandon Leibrandt,16135
Brandon Lyon,1312
Brandon Mann,5172
Brandon Maurer,4878
Brandon McCarthy,4662
Brandon Medders,8604
Brandon Morrow,9346
Brandon Pfaadt,27782
Brandon Puffer,572
Brandon Sproat,33850
Brandon Villafuerte,1059
Brandon Waddell,18347
Brandon Walter,26056
Brandon Webb,1692
Brandon Williamson,25463
Brandon Woodruff,16162
Brandon Workman,11428
Brandon Young,27819
Brandyn Garcia,33568
Brandyn Sittinger,19192
Brant Hurter,30133
Braxton Ashcraft,23793
Braxton Garrett,21844
Brayan Bello,23920
Brayan Villarreal,5180
Braydon Fisher,24609
Brenan Hanifee,22304
Brendan Donnelly,1441
Brendan McKay,20186
Brendan Ryan,6073
Brendan White,26024
Brendon Little,21574
Brennan Bernardino,16835
Brent Billingsley,1000967
Brent Gaff,1004423
Brent Headrick,27702
Brent Honeywell,16466
Brent Knackert,1007025
Brent Leach,4576
Brent Mayne,614
Brent Strom,1012627
Brent Suter,13942
Bret Prinz,1474
Bret Saberhagen,1011355
Brett Anderson,8223
Brett Bochy,11867
Brett Campbell,6842
Brett Cecil,2660
Brett Eibner,11369
Brett Gideon,1004677
Brett Graves,16218
Brett Hinchliffe,1005840
Brett Jodie,1006415
Brett Kennedy,17877
Brett Laxton,1007412
Brett Marshall,5364
Brett Martin,17369
Brett Merriman,1008785
Brett Myers,962
Brett Nicholas,11192
Brett Oberholtzer,3855
Brett Phillips,14735
Brett Sinkbeil,9364
Brett Tomko,1056
Brett Wisely,27735
Brett de Geus,23592
Brian Allard,1000131
Brian Anderson,44
Brian Bannister,5718
Brian Barber,1000525
Brian Bark,1000542
Brian Barkley,1000549
Brian Barnes,1000560
Brian Bass,2219
Brian Bevil,1000939
Brian Boehringer,984
Brian Bogusevic,4719
Brian Bohanon,1001126
Brian Bowles,1290
Brian Broderick,3773
Brian Bruney,1929
Brian Burres,3425
Brian Cooper,1295
Brian Denman,1003205
Brian Dozier,9810
Brian Drahman,1003476
Brian Dubois,1003518
Brian Duensing,4064
Brian Edmondson,1003677
Brian Ellington,17233
Brian Falkenborg,1859
Brian Fisher,1004077
Brian Fitzgerald,1445
Brian Flynn,12027
Brian Fuentes,429
Brian Givens,1004749
Brian Gordon,2374
Brian Holman,1005969
Brian Holton,1005986
Brian Johnson,14272
Brian Keyser,1006886
Brian Kingman,1006938
Brian Lawrence,1045
Brian Looney,1007745
Brian Mallette,1460
Brian Matusz,2646
Brian Maxcy,1008283
Brian McNichol,1008670
Brian Meadows,998
Brian Meyer,1008822
Brian Moehler,480
Brian Moran,9646
Brian O'Connor,1009709
Brian Omogrosso,1353
Brian Powell,490
Brian Reith,347
Brian Rogers,6123
Brian Rose,1011201
Brian Sackinsky,1011359
Brian Sanches,2739
Brian Schlitter,3599
Brian Schmack,1809
Brian Serven,19422
Brian Shackelford,2461
Brian Shouse,630
Brian Sikorski,7603
Brian Slocum,4705
Brian Smith,1012106
Brian Snyder,1012241
Brian Stokes,8653
Brian Sweeney,1801
Brian Tallet,1646
Brian Tollberg,1055
Brian Van Belle,27695
Brian Williams,1013978
Brian Wilson,6485
Brian Wolfe,8515
Britt Burns,1001702
Britt Reames,794
Brock Burke,17968
Brock Holt,9345
Brock Stewart,16727
Brody Koerner,17748
Bronson Arroyo,978
Bronson Heflin,1005580
Bronswell Patrick,1010054
Brooks Brown,5679
Brooks Kieschnick,389
Brooks Kriske,21189
Brooks Lawrence,1007398
Brooks Pounders,10387
Brooks Raley,10061
Bruce Berenyi,1000864
Bruce Billings,3044
Bruce Brubaker,1001572
Bruce Chen,769
Bruce Dal Canton,1002936
Bruce Egloff,1003706
Bruce Ellingsen,1003731
Bruce Howard,1006071
Bruce Hurst,1006222
Bruce Kison,1006978
Bruce Robbins,1011019
Bruce Rondon,5766
Bruce Ruffin,1011294
Bruce Sutter,1012743
Bruce Tanner,1012820
Bruce Taylor,1012861
Bruce Von Hoff,1013452
Bruce Walton,1013591
Bruce Zimmermann,20370
Brusdar Graterol,20367
Bryan Abreu,16609
Bryan Augenstein,936
Bryan Baker,19804
Bryan Bullington,5066
Bryan Clark,1002270
Bryan Clutterbuck,1002365
Bryan Corey,1439
Bryan Eversgerd,1003874
Bryan Garcia,19457
Bryan Harvey,1005469
Bryan Hebson,1761
Bryan Hickerson,1005767
Bryan Hoeing,26304
Bryan Holaday,11287
Bryan Hudson,19924
Bryan Kelly,1006796
Bryan King,25890
Bryan Mitchell,11479
Bryan Morris,10234
Bryan Oelkers,1009736
Bryan Petersen,2567
Bryan Price,8436
Bryan Rekar,625
Bryan Sammons,20462
Bryan Shaw,8110
Bryan Ward,1013603
Bryan Woo,30279
Bryce Elder,27779
Bryce Florie,1004172
Bryce Jarvis,27477
Bryce Miller,29837
Bryce Montes de Oca,21319
Bryn Smith,1012104
Bryse Wilson,19990
Bubba Chandler,29868
Bubba Church,1002225
Bubba Harris,1005403
Bubby Rossman,17179
Buck Farmer,14814
Buck Martinez,1008156
Bucky Brandon,1001346
Bucky Walters,1013583
Bud Anderson,1000220
Bud Black,1001007
Bud Black,1001006
Bud Byerly,1001789
Bud Daley,1002942
Bud Norris,9492
Bud Podbielan,1010404
Bud Smith,1182
Buddy Baumann,9309
Buddy Boshers,8490
Buddy Carlyle,2010
Buddy Groom,143
Buddy Harris,1005404
Buddy Schultz,1011627
Bunky Stewart,1012518
Burch Smith,12784
Burke Badenhop,9736
Burt Hooton,1006005
Buster Narum,1009455
Butch Edge,1003672
Butch Henry,1005667
Butch Metzger,1008811
Buzz Capra,1001928
Buzz Stephen,1012489
Byron McLaughlin,1008609
Byung-Hyun Kim,61
C.C. Lee,5177
C.D. Pelham,19820
C.J. Nitkowski,570
C.J. Riefenhauser,11193
C.J. Wilson,3580
CC Sabathia,404
Cade Cavalli,27473
Cade Gibson,31815
Cade Horton,31872
Cade Povich,30055
Cade Smith,27867
Caden Dana,31508
Cal Browning,1001501
Cal Eldred,1653
Cal Hogue,1005932
Cal Howe,1006093
Cal Koonce,1007101
Cal McLish,1008626
Cal Quantrill,19312
Caleb Baragar,19231
Caleb Boushley,19736
Caleb Cotham,10075
Caleb Ferguson,19349
Caleb Frare,14353
Caleb Freeman,26255
Caleb Joseph,7087
Caleb Kilian,26213
Caleb Smith,14875
Caleb Thielbar,10078
Calvin Faucher,20116
Calvin Jones,1006534
Calvin Maduro,151
Calvin Schiraldi,1011563
Cam Alldred,25078
Cam Bedrosian,13360
Cam Booser,16061
Cam Cairncross,1001823
Cam Sanders,23479
Cam Vieaux,19529
Cameron Hill,16840
Cameron Schlittler,32095
Camilo Doval,21992
Camilo Pascual,1010039
Candy Sierra,1011957
Cardell Camper,1001894
Carl Bouldin,1001235
Carl Dale,1002937
Carl Duser,1003601
Carl Edwards Jr.,13607
Carl Erskine,1003816
Carl Mathias,1008242
Carl Morton,1009230
Carl Pavano,790
Carl Sadler,1568
Carl Scheib,1011538
Carl Schutz,1011653
Carl Thomas,1012968
Carl Willey,1013965
Carl Willis,1013979
Carlos Almanzar,308
Carlos Carrasco,6632
Carlos Castillo,1002060
Carlos Contreras,10386
Carlos Crawford,1002737
Carlos Diaz,1003262
Carlos Duran,24458
Carlos Estevez,14542
Carlos Fisher,9832
Carlos Frias,3547
Carlos Gomez,4881
Carlos Guevara,5692
Carlos Hernandez,22713
Carlos Hernandez,560
Carlos Maldonado,1008016
Carlos Marmol,2790
Carlos Martinez,11682
Carlos Martinez,3167
Carlos Monasterios,2506
Carlos Muniz,5878
Carlos Pascual,1010038
Carlos Perez,1010179
Carlos Perez,10642
Carlos Pulido,1815
Carlos Ramirez,11743
Carlos Reyes,1721
Carlos Rodon,16137
Carlos Rodriguez,30161
Carlos Rosa,8529
Carlos Ruiz,2579
Carlos Sanabria,16634
Carlos Silva,973
Carlos Tocci,14558
Carlos Torres,7624
Carlos Valdez,1013310
Carlos Vargas,22915
Carlos Velazquez,1013397
Carlos Villanueva,4138
Carlos Zambrano,305
Carlton Loewer,1713
Carmen Cali,2964
Carmen Mlodzinski,27572
Carmen Pignatiello,3088
Carroll Sembera,1011740
Carson Fulmer,18311
Carson Kelly,13620
Carson Palmquist,31612
Carson Ragsdale,27508
Carson Seymour,30084
Carson Smith,13172
Carson Spiers,27685
Carson Whisenhunt,31676
Carter Capps,12803
Casey Coleman,8270
Casey Cox,1002694
Casey Crosby,5261
Casey Daigle,1880
Casey Fien,3926
Casey Fossum,188
Casey Janssen,7355
Casey Kelly,9174
Casey Lawrence,11121
Casey Legumina,25921
Casey Mize,20492
Casey Sadler,11209
Catfish Hunter,1006199
Cecil Butler,1001773
Cecil Perkins,1010191
Cecil Upshaw,1013292
Cecilio Guante,1005113
Cedrick Bowers,3293
Cesar Cabral,6741
Cesar Carrillo,4697
Cesar Jimenez,3762
Cesar Ramos,3357
Cesar Salazar,21587
Cesar Tovar,1013142
Cesar Valdez,9013
Cesar Vargas,14099
Cha Seung Baek,8214
Chad Beck,9258
Chad Bell,10297
Chad Bentz,1889
Chad Bettis,10587
Chad Billingsley,5842
Chad Bradford,904
Chad Cordero,1816
Chad Durbin,1442
Chad Fox,684
Chad Gaudin,1783
Chad Girodo,15542
Chad Green,15552
Chad Harville,915
Chad Hutchinson,1006236
Chad Jenkins,10326
Chad Kuhl,14975
Chad Ogea,1009744
Chad Orvella,5952
Chad Paronto,399
Chad Patrick,30113
Chad Pinder,15191
Chad Qualls,2170
Chad Reineke,7641
Chad Smith,13604
Chad Smith,20190
Chad Sobotka,17470
Chad Zerbe,1140
Chan Ho Park,1267
Chance Adams,18135
Chance Ruffin,11745
Chandler Shepherd,16166
Chang-Yong Lim,14445
Charles Brewer,9155
Charles Hudson,1006134
Charles Nagy,397
Charley Schanz,1011520
Charlie Barnes,19865
Charlie Beamon,1000709
Charlie Bishop,1000990
Charlie Cuellar,1002852
Charlie Culberson,3298
Charlie Furbush,1370
Charlie Gorin,1004881
Charlie Haeger,3545
Charlie Hough,1006050
Charlie Hudson,1006133
Charlie Kerfeld,1006860
Charlie Lea,1007423
Charlie Leesman,9124
Charlie Leibrandt,1007492
Charlie Manning,3578
Charlie Mitchell,1008997
Charlie Morton,4676
Charlie Puleo,1010565
Charlie Rabe,1010626
Charlie Vaughan,1013379
Charlie Walters,1013584
Charlie Williams,1013980
Charlie Zink,4180
Chas McCormick,19599
Chase Anderson,6895
Chase Burns,35333
Chase De Jong,15036
Chase Dollander,33482
Chase Lee,29574
Chase Petty,30170
Chase Shugart,21544
Chase Silseth,30074
Chase Whitley,10982
Chase Wright,3593
Chase d'Arnaud,6652
Chasen Bradford,12452
Chasen Shreve,10855
Chayce McDermott,29866
Chaz Roe,9866
Chet Nichols,1009557
Chi Chi Gonzalez,14663
Chi-Chi Olivo,1009781
Chia-Jen Lo,5440
Chico Escarrega,1003820
Chien-Ming Wang,2074
Chih-Wei Hu,16419
Chili Davis,1003041
Chin-hui Tsao,1776
Chip Lang,1007313
Cholly Naranjo,1009450
Chris Archer,6345
Chris Bassitt,12304
Chris Batton,1000676
Chris Beasley,1000725
Chris Beck,13418
Chris Booker,2039
Chris Bootcheck,1842
Chris Bosio,1001212
Chris Britton,3600
Chris Brock,130
Chris Bushing,1001753
Chris Capuano,1701
Chris Carpenter,8556
Chris Carpenter,1292
Chris Clemons,1002342
Chris Codiroli,1002388
Chris Davis,9272
Chris Demaria,4361
Chris Denorfia,4400
Chris Devenski,12763
Chris Donnels,1396
Chris Dwyer,10045
Chris Eddy,1003662
Chris Ellis,16125
Chris Flexen,13896
Chris Fussell,1004410
Chris Gardner,1004521
Chris George,601
Chris George,1004619
Chris Gimenez,7324
Chris Gissell,2015
Chris Green,1004986
Chris Hammond,92
Chris Haney,192
Chris Hatcher,3299
Chris Heston,10302
Chris Holt,1005983
Chris Hook,1005997
Chris Howard,1006073
Chris Jakubauskas,7831
Chris Knapp,1007026
Chris Lambert,8047
Chris Leroux,7645
Chris Mabeus,1892
Chris Martin,11847
Chris Mazza,14151
Chris Mears,1756
Chris Michalak,1415
Chris Murphy,26214
Chris Nabholz,1009431
Chris Narveson,2141
Chris Nichting,1414
Chris O'Grady,13818
Chris Owings,10030
Chris Oxspring,7232
Chris Paddack,20099
Chris Perez,5213
Chris Peters,1010225
Chris Piersoll,1010337
Chris Ray,6315
Chris Reed,12801
Chris Reitsma,348
Chris Resop,3799
Chris Rodriguez,22310
Chris Rowley,18820
Chris Roycroft,31261
Chris Rusin,9895
Chris Saenz,1913
Chris Sale,10603
Chris Sampson,2651
Chris Schroder,3553
Chris Schwinden,7851
Chris Seddon,3833
Chris Seelbach,1011719
Chris Short,1011931
Chris Smith,4544
Chris Smith,14449
Chris Spurling,1668
Chris Stratton,13761
Chris Tillman,5279
Chris Vallimont,24935
Chris Van Cuyk,1013345
Chris Volstad,9901
Chris Waters,7015
Chris Welsh,1013772
Chris Withrow,7161
Chris Young,3196
Chris Zachary,1014404
Christian Arroyo,16434
Christian Bergman,10925
Christian Bethancourt,10028
Christian Friedrich,7942
Christian Garcia,4067
Christian Koss,27653
Christian Montes De Oca,30206
Christian Parker,1009998
Christian Roa,27662
Christian Scott,30107
Christopher Rearick,11050
Chuck Cary,1002027
Chuck Churn,1002228
Chuck Crim,1002768
Chuck Daniel,1002970
Chuck Dobson,1003343
Chuck Estrada,1003841
Chuck Finley,384
Chuck Hartenstein,1005442
Chuck Hensley,1005680
Chuck Hockenbery,1005874
Chuck James,4886
Chuck Locke,1007689
Chuck Machemehl,1007910
Chuck Malone,1008036
Chuck McElroy,1008477
Chuck Nieson,1009592
Chuck Porter,1010448
Chuck Rainey,1010654
Chuck Ricci,1010892
Chuck Seelbach,1011718
Chuck Smith,1012114
Chuck Stobbs,1012548
Chuck Taylor,1012864
Chuck Templeton,1012908
Chuckie Fick,7978
Cionel Perez,19614
Cisco Carlos,1001958
Cla Meredith,7613
Clarke Schmidt,19899
Claude Osteen,1009878
Claude Raymond,1010732
Claudio Vargas,1695
Clay Buchholz,3543
Clay Carroll,1001997
Clay Christiansen,1002210
Clay Condrey,1579
Clay Hensley,4593
Clay Holmes,13649
Clay Kirby,1006960
Clay Parker,1009999
Clay Rapada,4831
Clay Zavada,8577
Clayton Andrews,23631
Clayton Andrews,1000247
Clayton Beeter,27494
Clayton Kershaw,2036
Clayton Mortensen,3166
Clayton Richard,3551
Clem Labine,1007230
Cliff Bartosh,1871
Cliff Brantley,1001357
Cliff Chambers,1002120
Cliff Fannin,1003921
Cliff Lee,1636
Cliff Pennington,3395
Cliff Politte,967
Cliff Ross,1011226
Cliff Speck,1012310
Cliff Young,1014367
Clint Compton,1002487
Clint Hartung,1005466
Clint Nageotte,2156
Clint Robinson,6908
Clint Sodowsky,1012262
Clint Zavaras,1014423
Cloyd Boyer,1001281
Clyde King,1006925
Clyde Wright,1014272
Codi Heuer,23293
Cody Allen,12183
Cody Anderson,12799
Cody Bolton,23265
Cody Bradford,27597
Cody Carroll,17664
Cody Ege,15928
Cody Eppley,9095
Cody Hall,12232
Cody Laweryson,26429
Cody Martin,12182
Cody McKay,1615
Cody Morris,25388
Cody Ponce,17920
Cody Poteet,18769
Cody Reed,15232
Cody Ross,1760
Cody Sedlock,19357
Cody Stashak,18088
Colby Lewis,1259
Colby Ward,1013607
Cole DeVries,8201
Cole Hamels,4972
Cole Henry,27570
Cole Irvin,19244
Cole Kimball,9480
Cole Ragans,21846
Cole Sands,21461
Cole Sulser,15256
Cole Tucker,17326
Cole Waites,25665
Cole Wilcox,27481
Cole Winn,22113
Colin Holderman,22361
Colin Poche,19403
Colin Rea,12317
Colin Selby,24986
Colin Ward,1013606
Collin Balester,6883
Collin McHugh,7531
Collin Snider,23307
Collin Wiles,15106
Colt Hynes,7560
Colten Brewer,12997
Colter Bean,2246
Colton Gordon,31312
Colton Murray,12264
Con Dempsey,1003201
Connelly Early,33666
Conner Greene,16455
Conner Menez,19199
Connie Grob,1005076
Connie Johnson,1006438
Connie Marrero,1008126
Connor Brogdon,21205
Connor Gillispie,26171
Connor Overton,18376
Connor Phillips,27649
Connor Robertson,7705
Connor Sadzeck,13483
Connor Seabold,19695
Connor Thomas,25873
Conor Mullee,11580
Conrad Cardinal,1001939
Cookie Rojas,1011152
Cooper Criswell,24975
Cooper Hummel,19458
Corbin Burnes,19361
Corbin Martin,19884
Corey Dickerson,10762
Corey Kluber,2429
Corey Knebel,15010
Corey Lee,1007451
Corey Oswalt,13677
Corey Thurman,1324
Corky Valentine,1013325
Cory Abbott,20277
Cory Bailey,588
Cory Burns,6620
Cory Doyne,7262
Cory Gearrin,7947
Cory Lidle,926
Cory Luebke,1984
Cory Mazzoni,12537
Cory Rasmus,2413
Cory Spangenberg,12294
Cory Vance,1647
Cory Wade,7570
Cot Deal,1003101
Courtney Duncan,276
Craig Anderson,1000221
Craig Breslow,4363
Craig Caskey,1002047
Craig Chamberlain,1002121
Craig Dingman,318
Craig Eaton,1003649
Craig Gentry,9571
Craig Hansen,4798
Craig House,1006055
Craig Kimbrel,6655
Craig Kusick,1007219
Craig Lefferts,1007476
Craig McMurtry,1008651
Craig Minetto,1008977
Craig Mitchell,1008999
Craig Reynolds,1010867
Craig Skok,1012041
Craig Stammen,7274
Craig Swan,1012754
Craig Yoho,33248
Cris Carpenter,1001978
Cristhian Martinez,5337
Cristian Javier,17606
Cristian Mena,27974
Cristofer Ogando,20667
Cristopher Sanchez,20778
Cuddles Marshall,1008135
Curt Barclay,1000534
Curt Brown,1001507
Curt Kaufman,1006717
Curt Lyons,1007879
Curt Raydon,1010722
Curt Schilling,73
Curt Schmidt,1011579
Curt Simmons,1011980
Curt Wardle,1013620
Curt Young,1014368
Curtis King,1006926
Curtis Leskanic,694
Curtis Partch,1333
Cy Acosta,1000033
Cy Sneed,16106
D'Angelo Jimenez,1038
D.J. Carrasco,1666
D.J. Houlton,3566
D.J. Mitchell,5354
D.J. Snelten,15949
DJ Herz,26389
DJ Johnson,12578
DL Hall,22207
Dae-Sung Koo,8619
Daisuke Matsuzaka,7775
Dakota Bacus,14545
Dakota Hudson,19206
Dale Mohorcic,1009034
Dale Murray,1009383
Dale Polley,1010422
Dale Roberts,1011030
Dale Thayer,5032
Dale Willis,1013985
Dalier Hinojosa,15671
Dallas Beeler,11471
Dallas Braden,8099
Dallas Green,1004989
Dallas Keuchel,9434
Damaso Marte,247
Damian Moss,107
Damien Magnifico,13395
Damon Jones,23310
Dan Altavilla,16507
Dan Bankhead,1000509
Dan Boitano,1001132
Dan Carlson,1001959
Dan Cortes,4027
Dan Dumoulin,1003548
Dan Gakeler,1004439
Dan Giese,2656
Dan Gladden,1004750
Dan Haren,1757
Dan Jennings,8073
Dan Kolb,1257
Dan Larson,1007361
Dan Lewandowski,1007573
Dan McGinn,1008523
Dan Meyer,4402
Dan Miceli,1463
Dan Morogiello,1009195
Dan Murphy,1009356
Dan Murray,1009384
Dan Naulty,1009464
Dan Neumeier,1009523
Dan O'Brien,1009688
Dan Osinski,1009875
Dan Otero,7385
Dan Perkins,1010194
Dan Petry,1010246
Dan Pfister,1010267
Dan Plesac,1319
Dan Quisenberry,1010622
Dan Reichert,624
Dan Runzler,4080
Dan Schatzeder,1011527
Dan Schneider,1011592
Dan Serafini,1812
Dan Slania,15639
Dan Smith,1012120
Dan Smith,1521
Dan Spillner,1012342
Dan Straily,9460
Dan Warthen,1013644
Dan Wheeler,120
Dan Winkler,12237
Dan Wright,258
Dana Allison,1000167
Dana Eveland,5508
Dana Kiecker,1006890
Dane Dunning,19409
Dane Iorg,1006267
Dane Johnson,1006443
Dane de la Rosa,10095
Daniel Bard,7115
Daniel Barone,7652
Daniel Burawa,11397
Daniel Cabrera,1931
Daniel Camarena,14467
Daniel Castano,19805
Daniel Corcino,9266
Daniel Davidson,5869
Daniel Descalso,8392
Daniel Duarte,17480
Daniel Garibay,1004536
Daniel Gossett,16164
Daniel Herrera,4552
Daniel Hudson,7146
Daniel Lynch IV,21537
Daniel McCutchen,263
Daniel Mengden,16980
Daniel Moskos,2858
Daniel Norris,13475
Daniel Palencia,27914
Daniel Ponce de Leon,16110
Daniel Robert,21229
Daniel Robertson,14145
Daniel Schlereth,8739
Daniel Stange,9404
Daniel Stumpf,13780
Daniel Webb,10558
Daniel Wright,15179
Daniel Zamora,17811
Danilo Leon,1007538
Danny Barnes,11388
Danny Boone,1001185
Danny Clay,1002327
Danny Coombs,1002582
Danny Coulombe,13293
Danny Cox,1002695
Danny Darwin,1002996
Danny Duffy,3542
Danny Farquhar,8501
Danny Fife,1004032
Danny Frisella,1004365
Danny Graves,326
Danny Heep,1005576
Danny Hultzen,12874
Danny Jackson,1006295
Danny Lazar,1007419
Danny McDevitt,1008452
Danny Mendick,18889
Danny Morris,1009201
Danny Mota,1009257
Danny Murphy,1009354
Danny Patterson,485
Danny Rios,1010975
Danny Salazar,5867
Danny Valencia,6364
Danny Worth,198
Danny Young,18439
Danny Young,1014370
Dany Jimenez,21170
Danys Baez,367
Darcy Fast,1003955
Darick Hall,19717
Darien Nunez,21197
Darin Downs,5903
Darin Ruf,9929
Dario Agrazal,15821
Dario Alvarez,14239
Dario Veras,1013403
Darius Vines,25928
Darnell McDonald,1867
Darold Knowles,1007058
Darrel Akerfelds,1000096
Darrell Einertson,1003716
Darrell Jackson,1006294
Darrell May,613
Darrell Osteen,1009879
Darrell Rasner,4770
Darrell Sutherland,1012737
Darren Clarke,8226
Darren Dreifort,647
Darren Hall,1005240
Darren Holmes,95
Darren McCaughan,20038
Darren O'Day,3321
Darren Oliver,206
Darrin Chapin,1002138
Darrin Jackson,1006296
Darrin Winston,1014142
Darryl Kile,1163
Darryl Scott,1011673
Darwin Barney,2430
Darwin Cubillan,771
Darwinzon Hernandez,19848
Daryl Irvine,1006273
Daryl Patterson,1010059
Daryl Smith,1012119
Daryl Thompson,6603
Daulton Jefferies,19345
Dauri Moreta,21101
Dave Bakenhaster,1000441
Dave Baldwin,1000477
Dave Beard,1000716
Dave Bennett,1000837
Dave Borkowski,2002
Dave Boswell,1001222
Dave Burba,1239
Dave Bush,4635
Dave Campbell,1001877
Dave Cheadle,1002170
Dave Coggin,951
Dave Cole,1002413
Dave Concepcion,1002494
Dave Davidson,4929
Dave DeBusschere,1003121
Dave Dowling,1003446
Dave Downs,1003452
Dave Dravecky,1003486
Dave Eiland,1003714
Dave Eilers,1003715
Dave Elder,1535
Dave Ferriss,1004012
Dave Fleming,1004145
Dave Ford,1004217
Dave Freisleben,1004333
Dave Frost,1004376
Dave Gassner,3546
Dave Geisel,1004603
Dave Gerard,1004624
Dave Giusti,1004748
Dave Goltz,1004818
Dave Gray,1004966
Dave Gumpert,1005142
Dave Haas,1005170
Dave Hamilton,1005271
Dave Heaverlo,1005569
Dave Hill,1005810
Dave Hillman,1005829
Dave Hoskins,1006041
Dave Johnson,1006441
Dave Johnson,1006442
Dave Jolly,1006519
Dave Kingman,1006939
Dave Koslo,1007118
Dave LaPoint,1007338
Dave LaRoche,1007354
Dave Lee,1843
Dave Leiper,1007498
Dave Lemanczyk,1007511
Dave Lemonds,1007519
Dave Leonhard,1007540
Dave Madison,1007954
Dave Manning,1785
Dave Martinez,1008160
Dave Maurer,394
Dave McNally,1008655
Dave Meads,1008708
Dave Mlicki,569
Dave Morehead,1009156
Dave Otto,1009905
Dave Pagan,1009949
Dave Patterson,1010060
Dave Pavlas,1010085
Dave Pember,1618
Dave Rajsich,1010658
Dave Righetti,1010958
Dave Roberts,1011031
Dave Rozema,1011273
Dave Rucker,1011279
Dave Schmidt,1011580
Dave Schuler,1011628
Dave Sells,1011736
Dave Shipanoff,1011904
Dave Sisler,1012019
Dave Skaugstad,1012031
Dave Smith,1012118
Dave Smith,1012117
Dave Stapleton,1012424
Dave Stenhouse,1012482
Dave Stevens,1012508
Dave Stewart,1012519
Dave Stieb,1012532
Dave Swartzbaugh,1012765
Dave Telgheder,1012906
Dave Thies,1012956
Dave Tobik,1013086
Dave Tomlin,1013110
Dave Tyriver,1013255
Dave Veres,1188
Dave Vineyard,1013430
Dave Von Ohlen,1013454
Dave Wainhouse,1013492
Dave Wallace,1013543
Dave Walsh,1013568
Dave Wehrmeister,1013731
Dave Wickersham,1013917
Dave Williams,1013
David Aardsma,1902
David Bednar,19569
David Bote,14593
David Buchanan,11176
David Carpenter,3959
David Carpenter,9244
David Clyde,1002367
David Cone,1680
David Cortes,1798
David Festa,30056
David Fry,24934
David Goforth,12166
David Hale,9756
David Hensley,25111
David Hernandez,4259
David Herndon,9264
David Hess,16130
David Holdridge,1005943
David Holmberg,7725
David Howard,1006075
David Huff,4257
David Lundquist,1046
David Martinez,8893
David McCarty,1462
David McKay,19814
David Moraga,1009137
David Morgan,31616
David Murphy,6035
David Nied,1009577
David Palmer,1009970
David Patton,7503
David Pauley,3625
David Paulino,17418
David Peralta,2136
David Peterson,20302
David Phelps,6316
David Price,3184
David Purcey,8360
David Riske,402
David Robertson,8241
David Rollins,11928
David Ross,1551
David Sanders,1693
David Villar,24782
David Weathers,902
David Wells,855
David West,1013799
Davis Daniel,27582
Davis Martin,21448
Davis Romero,2756
Dayan Diaz,11543
Daysbel Hernandez,20271
De Wayne Buice,1001639
De Wayne Vaughn,1013380
DeWayne Wise,1554
Dean Anna,8353
Dean Chance,1002130
Dean Crow,1002821
Dean Deetz,16687
Dean Hartgraves,1005445
Dean Kiekhefer,10529
Dean Kremer,19350
Dean Stone,1012561
Dean Wilkins,1013955
Deck McGuire,11596
Declan Cronin,25645
Dedniel Nunez,23055
Dee Strange-Gordon,8203
Deivi Garcia,20276
Dellin Betances,6216
Delvin James,1215
Demarcus Evans,21087
Denis Boucher,1001231
Dennis Aust,1000370
Dennis Bennett,1000838
Dennis Blair,1001029
Dennis Burtt,1001739
Dennis Cook,8
Dennis DeBarr,1003117
Dennis Dove,6240
Dennis Eckersley,1003660
Dennis Higgins,1005788
Dennis Kinney,1006946
Dennis Konuszewski,1007099
Dennis Lamp,1007284
Dennis Leonard,1007531
Dennis Lewallyn,1007572
Dennis Martinez,1008161
Dennis Moeller,1009022
Dennis Musgraves,1009404
Dennis O'Toole,1009896
Dennis Powell,1010484
Dennis Rasmussen,1010703
Dennis Ribant,1010890
Dennis Santana,17878
Dennis Sarfate,2174
Dennis Saunders,1011460
Dennis Springer,672
Dennis Tankersley,1054
Denny Bautista,1947
Denny Harriger,1005409
Denny Lemaster,1007512
Denny McLain,1008603
Denny Neagle,441
Denny Riddleberger,1010944
Denny Stark,452
Dennys Reyes,444
Denyi Reyes,20526
Deolis Guerra,8410
Dereck Rodriguez,14509
Derek Aucoin,1000360
Derek Bell,1000801
Derek Botelho,1001224
Derek Holland,4141
Derek Law,13133
Derek Lilliquist,1007607
Derek Lowe,199
Derek Thompson,2126
Derek Wallace,1013544
Derrick Turnbow,1694
Derrin Ebert,1003654
Desi Relaford,1096
Deunte Heath,7371
Devern Hansack,4939
Devin Smeltzer,19487
Devin Sweet,25348
Devin Williams,15816
Devon Lowery,3500
Dewey Robinson,1011060
Dewon Brazelton,1195
Dewon Day,5542
Dick Baney,1000507
Dick Bates,1000658
Dick Bokelmann,1001133
Dick Bosman,1001215
Dick Brodowski,1001462
Dick Burwell,1001741
Dick Calmus,1001852
Dick Colpaert,1002473
Dick Donovan,1003395
Dick Drago,1003475
Dick Drott,1003511
Dick Egan,1003699
Dick Ellsworth,1003754
Dick Estelle,1003838
Dick Fowler,1004270
Dick Hall,1005241
Dick Hoover,1006008
Dick Hughes,1006152
Dick Hyde,1006248
Dick Joyce,1006635
Dick Kelley,1006769
Dick Lange,1007316
Dick LeMay,1007514
Dick Lines,1007634
Dick Littlefield,1007661
Dick Luebke,1007820
Dick Manville,1008090
Dick Marlowe,1008114
Dick Mills,1008955
Dick Nold,1009619
Dick Pole,1010418
Dick Radatz,1010630
Dick Ricketts,1010936
Dick Rozek,1011272
Dick Rusteck,1011325
Dick Ruthven,1011330
Dick Scott,1011675
Dick Selma,1011737
Dick Starr,1012433
Dick Stigman,1012534
Dick Strahs,1012590
Dick Such,1012664
Dick Thoenen,1012961
Dick Tidrow,1013056
Dick Tomanek,1013106
Dick Wantz,1013600
Dick Weik,1013734
Dick Welteroth,1013774
Dick Woodson,1014236
Dickie Noles,1009620
Dicky Gonzalez,777
Didier Fuentes,30661
Diego Castillo,19906
Diego Castillo,17496
Diego Moreno,6238
Diego Segui,1011725
Dietrich Enns,13932
Dillon Gee,7396
Dillon Maples,14672
Dillon Overton,15627
Dillon Peters,18790
Dillon Tate,17796
Dilson Torres,1013128
Dinelson Lamet,17186
Diomedes Olivo,1009782
Dirk Hayhurst,6010
Dixie Howell,1006094
Dizzy Trout,1013196
Doc Medich,1008714
Dock Ellis,1003747
Dolan Nichols,1009560
Dom Zanni,1014417
Domingo Acevedo,17092
Domingo German,17149
Domingo Guzman,1005158
Domingo Jean,1006374
Domingo Tapia,12178
Dominic Hamel,30153
Dominic Leone,13763
Dominic Smith,15653
Don Aase,1000003
Don Arlich,1000302
Don August,1000364
Don Bessent,1000922
Don Bradey,1001297
Don Buschhorn,1001746
Don Cardwell,1001941
Don Carlsen,1001960
Don Carman,1001967
Don Carrithers,1001992
Don Choate,1002202
Don Collins,1002450
Don Cooper,1002594
Don Demola,1003197
Don Dennis,1003207
Don Drysdale,1003516
Don Durham,1003588
Don Eddy,1003663
Don Elston,1003759
Don Erickson,1003805
Don Ferrarese,1004005
Don Florence,1004168
Don Gordon,1004873
Don Gross,1005083
Don Gullett,1005134
Don Heinkel,1005595
Don Hood,1005994
Don Johnson,1006448
Don Kainer,1006669
Don Kaiser,1006672
Don Kelly,2216
Don Kirkwood,1006972
Don Larsen,1007359
Don Lee,1007453
Don Leshnock,1007556
Don Liddle,1007599
Don Loun,1007771
Don McMahon,1008629
Don Minnick,1008981
Don Mossi,1009250
Don Newcombe,1009529
Don Newhauser,1009534
Don Nottebart,1009651
Don O'Riley,1009833
Don Prince,1010538
Don Robinson,1011061
Don Rose,1011204
Don Rowe,1011253
Don Rudolph,1011285
Don Schulze,1011629
Don Schwall,1011657
Don Secrist,1011713
Don Shaw,1011820
Don Stanhouse,1012401
Don Sutton,1012745
Don Welchel,1013752
Don Wengert,1013777
Don Williams,1013992
Don Williams,1013993
Don Wilson,1014071
Donn Pall,1009968
Donn Roach,10620
Donne Wall,39
Donnie Elliott,1003736
Donnie Hart,15306
Donnie Hill,1005811
Donnie Joseph,6491
Donnie Moore,1009102
Donnie Veal,4741
Donovan Hand,8728
Donovan Osborne,299
Donovan Walton,19314
Dontrelle Willis,1703
Dooley Womack,1014203
Dorn Taylor,1012866
Doug Bair,1000439
Doug Bird,1000976
Doug Bochtler,1001107
Doug Brocail,551
Doug Capilla,1001926
Doug Corbett,1002608
Doug Creek,1202
Doug Dascenzo,1002998
Doug Davis,1244
Doug Drabek,1003473
Doug Fister,9425
Doug Gallagher,1004449
Doug Henry,1005668
Doug Johns,1006449
Doug Jones,1006552
Doug Konieczny,1007094
Doug Linton,1662
Doug Mathis,3944
Doug Nickle,963
Doug Nikhazy,30142
Doug Piatt,1010304
Doug Rau,1010717
Doug Simons,1011988
Doug Sisk,1012017
Doug Slaten,3107
Doug Waechter,1814
Dovydas Neverauskas,11604
Doyle Alexander,1000122
Doyle Lade,1007246
Drake Britton,2868
Drew Anderson,15130
Drew Butera,3411
Drew Carlton,19868
Drew Gagnon,12545
Drew Hall,1005242
Drew Hayes,10528
Drew Hutchison,10732
Drew Pomeranz,11426
Drew Rasmussen,25385
Drew Rom,24602
Drew Rucinski,12499
Drew Smith,17755
Drew Smyly,11760
Drew Sommers,32026
Drew Steckenrider,18806
Drew Storen,6983
Drew Thorpe,31967
Drew VerHagen,13424
Drey Jameson,26260
Duane Below,3124
Duane Pillette,1010350
Duane Richards,1010905
Duane Theiss,1012947
Duane Underwood Jr.,14677
Duane Ward,1013609
Duane Wilson,1014072
Duaner Sanchez,1518
Duff Brumley,1001584
Dugan Darnell,27812
Duke Maas,1007894
Duke Markell,1008111
Duke Simpson,1011994
Duke Welker,792
Dusten Knight,16537
Dustin Antolin,7119
Dustin Hermanson,195
Dustin May,19716
Dustin McGowan,8600
Dustin Molleken,6200
Dustin Moseley,7060
Dustin Nippert,4426
Dustin Richardson,2548
Dusty Bergman,2643
Dusty Brown,3420
Dusty Hughes,6164
Dutch Leonard,1007533
Dutch Romberger,1011170
Dwayne Henry,1005670
Dwight Bernard,1000887
Dwight Gooden,1004852
Dwight Siebler,1011952
Dyar Miller,1008889
Dylan Axelrod,9303
Dylan Bundy,12917
Dylan Cease,18525
Dylan Coleman,22276
Dylan Covey,14825
Dylan Dodd,29928
Dylan Floro,13394
Dylan Lee,19996
Dylan Moore,18042
Dylan Smith,30145
Earl Francis,1004289
Earl Harrist,1005411
Earl Johnson,1006450
Earl Mossor,1009253
Earl Stephenson,1012492
Earl Wilson,1014073
Early Wynn,1014309
Easton Lucas,26058
Easton McGee,22176
Ed Acosta,1000034
Ed Albrecht,1000107
Ed Barnowski,1000583
Ed Bauta,1000693
Ed Blake,1001035
Ed Connolly,1002526
Ed Correa,1002637
Ed Donnelly,1003383
Ed Farmer,1003935
Ed Figueroa,1004037
Ed Giovanola,1004745
Ed Glynn,1004789
Ed Halicki,1005228
Ed Hobaugh,1005867
Ed Hodge,1005882
Ed Keegan,1006745
Ed Klieman,1006999
Ed Lopat,1007748
Ed Lynch,1007862
Ed Mayer,1008296
Ed Olwine,1009797
Ed Palmquist,1009977
Ed Phillips,1010291
Ed Pierce,1010327
Ed Plank,1010386
Ed Rakow,1010661
Ed Roebuck,1011118
Ed Sprague,1012355
Ed Sukla,1012676
Ed Vande Berg,1013348
Ed Vosberg,1426
Ed Whitson,1013911
Ed Wojna,1014183
Ed Wolfe,1014188
Ed Wright,1014276
Ed Yarnall,1014322
Eddie Bane,1000506
Eddie Bonine,5890
Eddie Butler,13453
Eddie Erautt,1003802
Eddie Fisher,1004085
Eddie Gaillard,1004431
Eddie Gamboa,6911
Eddie Guardado,727
Eddie Kunz,2862
Eddie O'Brien,1009690
Eddie Oropesa,69
Eddie Priest,1010534
Eddie Solomon,1012268
Eddie Watt,1013684
Eddie Yuhas,1014398
Eddy Alvarez,16959
Eddy Rodriguez,2193
Edgar Garcia,19276
Edgar Gonzalez,1727
Edgar Ibarra,5195
Edgar Navarro,24363
Edgar Olmos,10174
Edgar Ramos,1010678
Edgar Santana,17355
Edgardo Henriquez,26944
Edgmer Escalona,8574
Edinson Volquez,3990
Eduard Bazardo,20997
Eduardo Escobar,6153
Eduardo Jimenez,19642
Eduardo Nunez,6848
Eduardo Paredes,16344
Eduardo Rodriguez,1011102
Eduardo Rodriguez,13164
Eduardo Salazar,23135
Eduardo Sanchez,2966
Eduardo Villacis,1922
Eduarniel Nunez,23162
Edubray Ramos,16086
Edwar Cabrera,9211
Edwar Colina,20589
Edwar Ramirez,4830
Edward Cabrera,21690
Edward Mujica,3970
Edward Paredes,4168
Edwin Almonte,1764
Edwin Diaz,14710
Edwin Escobar,10337
Edwin Hurtado,1006227
Edwin Jackson,1841
Edwin Moreno,7993
Edwin Nunez,1009658
Edwin Uceta,20539
Efrain Valdez,1013311
Ehire Adrianza,8418
Ehren Wassermann,6380
Eli Grba,1004979
Eli Morgan,20203
Eli Villalobos,20408
Elias Sosa,1012284
Elieser Hernandez,16933
Elih Villanueva,8796
Elizardo Ramirez,1946
Ellie Hendricks,1005641
Ellis Kinder,1006922
Elmer Dessens,317
Elmer Singleton,1012009
Elvin Ramirez,2247
Elvin Rodriguez,20962
Elvis Alvarado,21662
Elvis Araujo,12854
Elvis Luciano,20632
Elvis Peguero,21652
Emerson Hancock,27470
Emiliano Fruto,3106
Emilio Pagan,14771
Emmanuel Clase,21032
Emmanuel Ramirez,17304
Emmanuel Rivera,19890
Emmet Sheehan,29839
Enderson Franco,11896
Enerio Del Rosario,4204
Enmanuel De Jesus,18554
Enny Romero,4001
Enoli Paredes,20447
Enrique Burgos,1001670
Enrique Burgos,3895
Enrique Gonzalez,2568
Enrique Hernandez,10472
Enrique Romo,1011175
Enyel De Los Santos,18403
Erasmo Ramirez,1699
Erasmo Ramirez,10314
Eric Bell,1000803
Eric Cammack,1001864
Eric Cyr,1494
Eric DuBose,1633
Eric Eckenstahler,1600
Eric Fornataro,7042
Eric Gagne,650
Eric Gunderson,1005144
Eric Hacker,8743
Eric Hanhold,18332
Eric Hetzel,1005754
Eric Hillman,1005830
Eric Hull,4660
Eric Hurley,8364
Eric Jokisch,11157
Eric Junge,1611
Eric King,1006929
Eric Knott,62
Eric Lauer,19316
Eric Ludwick,1007816
Eric Milton,743
Eric Moody,1009080
Eric Nolte,1009621
Eric O'Flaherty,5746
Eric Orze,27626
Eric Plunk,1010400
Eric Raich,1010653
Eric Rasmussen,1010704
Eric Show,1011937
Eric Skoglund,16155
Eric Sogard,7927
Eric Stout,16873
Eric Stults,8011
Eric Surkamp,2540
Eric Weaver,1013695
Eric Wilkins,1013957
Eric Yardley,15538
Erich Uelmen,20323
Erick Aybar,4082
Erick Fedde,17425
Erick Threets,3158
Erik Bedard,126
Erik Bennett,1000839
Erik Cordier,4086
Erik Davis,8422
Erik Goeddel,11712
Erik Hamren,9133
Erik Hanson,1005333
Erik Hiljus,919
Erik Johnson,12520
Erik Kratz,4403
Erik Miller,26252
Erik Plantenberg,1010387
Erik Sabel,1517
Erik Sabrowski,24978
Erik Schullstrom,1011630
Erik Swanson,16587
Ernesto Frieri,5178
Ernie Broglio,1001463
Ernie Camacho,1001856
Ernie Clement,20352
Ernie Johnson,1006454
Ernie McAnally,1008325
Ernie Nevel,1009526
Erskine Thomason,1012972
Erv Dusak,1003600
Erv Palica,1009967
Ervin Santana,3200
Esmailin Caridad,5284
Esmerling Vasquez,5280
Esmil Rogers,6317
Esteban Loaiza,1310
Esteban Yan,1236
Ethan Martin,3877
Ethan Roberts,24930
Ethan Small,26364
Eude Brito,2514
Eury De la Rosa,4055
Eury Perez,27768
Evan Crawford,7249
Evan Justice,30008
Evan Kravetz,27536
Evan Lee,24988
Evan MacLane,5576
Evan Marshall,12297
Evan Meek,5109
Evan Phillips,17734
Evan Reed,1349
Evan Scribner,7525
Evan Sisk,24995
Evans Killeen,1006903
Evelio Hernandez,1005701
Everett Stull,712
Everett Teaford,3732
Ewell Blackwell,1001013
Ezequiel Astacio,2169
Ezequiel Duran,23733
Fabio Castillo,2826
Fabio Castro,4048
Fautino De Los Santos,5841
Felipe Lira,1007649
Felipe Lopez,1311
Felipe Paulino,3777
Felipe Vazquez,12076
Felix Bautista,20666
Felix Diaz,1932
Felix Doubront,1478
Felix Heredia,1304
Felix Hernandez,4772
Felix Jorge,14532
Felix Pena,13403
Felix Rodriguez,1127
Felix Sanchez,1822
Fergie Jenkins,1006388
Fernando Abad,4994
Fernando Arroyo,1000327
Fernando Cabrera,2105
Fernando Cruz,7048
Fernando Hernandez,5536
Fernando Hernandez,1005702
Fernando Nieve,2173
Fernando Rodney,494
Fernando Rodriguez,7558
Fernando Romero,15885
Fernando Salas,4971
Fernando Valenzuela,1013327
Floyd Bannister,1000516
Floyd Chiffer,1002184
Floyd Weaver,1013697
Floyd Wooldridge,1014251
Floyd Youmans,1014361
Forrest Whitley,19586
Foster Griffin,16432
Framber Valdez,17295
Francis Beltran,1530
Francis Martes,17303
Francisco Arcia,10286
Francisco Barrios,1000603
Francisco Cordero,1243
Francisco Cordova,1002623
Francisco Cruceta,2104
Francisco Liriano,3201
Francisco Mejia,16403
Francisco Morales,22913
Francisco Oliveras,1009776
Francisco Perez,21018
Francisco Rodriguez,1642
Francisco Rodriguez,6688
Francisco Rosario,2091
Francisco de la Rosa,1003165
Francisley Bueno,5980
Frank Barnes,1000564
Frank Barrett,1000595
Frank Baumann,1000683
Frank Bertaina,1000912
Frank Bork,1001203
Frank Brooks,1877
Frank Brosseau,1001480
Frank Carpin,1001982
Frank Castillo,180
Frank Cimorelli,1002242
Frank DiPino,1003320
Frank Dimichele,1003313
Frank Eufemia,1003852
Frank Fanovich,1003925
Frank Francisco,1933
Frank Funk,1004406
Frank Garces,13144
Frank German,24750
Frank Herrmann,7960
Frank Hiller,1005814
Frank Kreutzer,1007163
Frank LaCorte,1007239
Frank Lankford,1007327
Frank Lary,1007364
Frank Linzy,1007643
Frank MacCormack,1007898
Frank Mata,4230
Frank Menechino,931
Frank Papish,1009985
Frank Pastore,1010048
Frank Quinn,1010604
Frank Reberger,1010745
Frank Riccelli,1010891
Frank Rodriguez,1011106
Frank Schwindel,15351
Frank Seminara,1011743
Frank Smith,1012142
Frank Snook,1012235
Frank Sullivan,1012691
Frank Tanana,1012818
Frank Viola,1013435
Frank Williams,1013997
Frank Wills,1014051
Frankie Montas,14309
Frankie de la Cruz,3920
Franklin Morales,5088
Franklin Nunez,2033
Franklyn German,1603
Franklyn Gracesqui,1921
Franklyn Kilome,17861
Franmil Reyes,14566
Franquelis Osoria,2860
Fraser Ellard,29530
Fred Baczewski,1000403
Fred Beene,1000774
Fred Besana,1000920
Fred Breining,1001381
Fred Bruckbauer,1001578
Fred Cambria,1001857
Fred Gladding,1004751
Fred Green,1004993
Fred Hahn,1005204
Fred Holdsworth,1005944
Fred Howard,1006081
Fred Hutchinson,1006238
Fred Kipp,1006959
Fred Klages,1006985
Fred Kuhaulua,1007201
Fred Lasher,1007366
Fred Martin,1008166
Fred Newman,1009542
Fred Norman,1009632
Fred Rath,1010706
Fred Rath,1010707
Fred Sanford,1011430
Fred Scherman,1011554
Fred Talbot,1012813
Fred Waters,1013664
Fred Wenz,1013781
Freddie Burdette,1001661
Freddie Toliver,1013102
Freddy Dolsi,5424
Freddy Garcia,1077
Freddy Peralta,18679
Freddy Rodriguez,1011105
Freddy Tarnok,23324
Fritz Ackley,1000032
Fritz Fisher,1004086
Fritz Peterson,1010227
Fu-Te Ni,4199
Gabe Gonzalez,1004833
Gabe Klobosits,19881
Gabe Molina,1575
Gabe Speier,17170
Gabe White,360
Gabriel Moya,16348
Gabriel Ynoa,12938
Galen Cisco,1002246
Gar Finnvold,1004061
Garland Kiser,1006975
Garland Shifflett,1011895
Garrett Acton,27583
Garrett Cleavinger,17897
Garrett Crochet,27463
Garrett Hampson,19262
Garrett Hill,25097
Garrett Jones,2714
Garrett McDaniels,31751
Garrett Mock,7335
Garrett Olson,9889
Garrett Richards,9784
Garrett Stephenson,1185
Garrett Stubbs,18067
Garrett Whitlock,20191
Garry Hancock,1005294
Garry Hill,1005819
Garry Roggenburk,1011141
Garvin Alston,1000182
Gary Beare,1000722
Gary Bell,1000806
Gary Blaylock,1001065
Gary Boyd,1001277
Gary Buckels,1001619
Gary Christenson,1002212
Gary Dotter,1003426
Gary Eave,1003651
Gary Gaetti,1004422
Gary Geiger,1004601
Gary Gentry,1004614
Gary Glover,234
Gary Haught,1005499
Gary Ignasiak,1006253
Gary Jones,1006557
Gary Knotts,1428
Gary Kroll,1007171
Gary Lance,1007288
Gary Lavelle,1007389
Gary Lucas,1007805
Gary Majewski,2131
Gary Mielke,1008847
Gary Neibauer,1009486
Gary Nolan,1009616
Gary Peters,1010228
Gary Rath,1010708
Gary Ross,1011230
Gary Ryerson,1011354
Gary Sanchez,11442
Gary Serum,1011755
Gary Taylor,1012872
Gary Timberlake,1013070
Gary Wagner,1013481
Gary Waslewski,1013661
Gary Wayne,1013690
Gary Wheelock,1013834
Gary Wilson,1014079
Gary Wilson,1014078
Gavin Floyd,3886
Gavin Hollowell,25427
Gavin Stone,27792
Gavin Williams,30122
Gaylord Perry,1010210
Gene Bearden,1000717
Gene Brabender,1001293
Gene Conley,1002507
Gene Fodge,1004190
Gene Garber,1004493
Gene Harris,1005414
Gene Host,1006045
Gene Michael,1008837
Gene Nelson,1009501
Gene Pentz,1010165
Gene Rounsaville,1011246
Gene Snyder,1012247
Gene Stechschulte,1184
Gene Walter,1013587
Genesis Cabrera,17490
Geno Espineli,7405
Geoff Combe,1002477
Geoff Geary,1813
Geoff Hartlieb,19558
Geoff Zahn,1014410
George Bamberger,1000500
George Brunet,1001590
George Cappuzzello,1001927
George Culver,1002870
George Estock,1003840
George Frazier,1004308
George Gerberman,1004626
George Glinatsis,1004785
George Kirby,25436
George Kontos,9486
George Korince,1007113
George Lauzerique,1007385
George O'Donnell,1009729
George Perez,1010181
George Piktuzis,1010348
George Riley,1010966
George Schmees,1011574
George Sherrill,6291
George Soriano,21863
George Spencer,1012322
George Stablein,1012372
George Stone,1012565
George Susce,1012731
George Throop,1013048
George Tsamis,1013207
George Werley,1013787
George Witt,1014172
George Zuverink,1014466
Georges Maranda,1008098
Gerald Alexander,1000124
Geraldo Guzman,1005159
Gerardo Concepcion,14411
Gerardo Parra,8553
Gerardo Reyes,16306
Geremi Gonzalez,1711
German Gonzalez,1004834
German Jimenez,1006410
German Marquez,15038
Gerrit Cole,13125
Gerry Arrigo,1000326
Gerry Hannahs,1005315
Gerry Pirtle,1010368
Gerry Schoen,1011598
Gerry Staley,1012388
Gerson Bautista,19256
Gerson Garabito,19835
Gibson Alba,1000100
Gil Blanco,1001042
Gil Heredia,1005686
Gil Meche,1089
Gil Patterson,1010061
Gilberto Rondon,1011180
Gino Minutelli,1008988
Gio Gonzalez,7448
Giovanni Carrara,643
Giovanni Soto,10330
Giovanny Gallegos,14986
Glen Cook,1002571
Glen Hobbie,1005868
Glen Perkins,8041
Glendon Rusch,707
Glenn Abbott,1000010
Glenn Cox,1002701
Glenn Dishman,1003324
Glenn Mickens,1008842
Glenn Otto,21366
Glenn Sparkman,15200
Glenn Wilson,1014081
Gonzalez Germen,5876
Gordie Mueller,1009279
Gordie Pladson,1010383
Gordie Richardson,1010908
Gordie Sundin,1012725
Gordon Dillard,1003298
Gordon Graceffo,29519
Gordon Jones,1006558
Gordon Seyfried,1011776
Gorman Heimueller,1005592
Grae Kessinger,25813
Graeme Lloyd,783
Graham Ashcraft,27552
Graham Godfrey,3128
Graham Taylor,3719
Granny Hamner,1005286
Grant Anderson,20546
Grant Balfour,718
Grant Dayton,11203
Grant Hartwig,29946
Grant Holman,30002
Grant Holmes,16944
Grant Jackson,1006298
Grant Roberts,894
Grant Taylor,33927
Grant Wolfram,21623
Grayson Rodriguez,24492
Greg Aquino,1899
Greg Bargar,1000540
Greg Bollo,1001150
Greg Booker,1001179
Greg Brummett,1001588
Greg Burke,6282
Greg Cadaret,1001810
Greg Erardi,1003801
Greg Garcia,10951
Greg Garrett,1004545
Greg Gohr,1004803
Greg Gross,1005086
Greg Hansell,1005326
Greg Harris,1005415
Greg Harris,1005416
Greg Heydeman,1005760
Greg Hibbard,1005764
Greg Holland,7196
Greg Jones,1782
Greg Keagle,1006726
Greg Litton,1007668
Greg Maddux,104
Greg Mahle,16877
Greg Mathews,1008237
Greg McCarthy,1008370
Greg McMichael,1008640
Greg Minton,1008986
Greg Mullins,1009303
Greg Reynolds,5712
Greg Shanahan,1011787
Greg Smith,3455
Greg Swindell,76
Greg Terlecky,1012920
Greg Thayer,1012946
Greg Washburn,1013650
Greg Weissert,20375
Gregg Olson,1009791
Gregory Infante,9119
Gregory Santos,21894
Gregory Soto,19677
Griffin Canning,19867
Griffin Jax,20253
Grover Powell,1010485
Guido Grilli,1005058
Guido Knudson,12669
Guillermo Moscoso,5106
Guillermo Mota,1467
Guillo Zuniga,19588
Gunnar Hoglund,31318
Gus Gandarillas,1004475
Gus Keriazakos,1006861
Gus Schlosser,12321
Gus Varland,24737
Gustavo Chacin,2060
Guy Hoffman,1005906
Hagen Danner,22116
Hal Brown,1001520
Hal Dues,1003524
Hal Erickson,1003808
Hal Gilson,1004738
Hal Gregg,1005020
Hal Griggs,1005056
Hal Haydel,1005520
Hal Hudson,1006135
Hal Jeffcoat,1006377
Hal Kolstad,1007090
Hal Kurtz,1007216
Hal Newhouser,1009535
Hal Raether,1010645
Hal Reniff,1010833
Hal Stowe,1012589
Hal Trosky,1013191
Hal White,1013877
Hal Woodeshick,1014215
Hank Aguirre,1000087
Hank Borowy,1001208
Hank Fischer,1004068
Hank Mason,1008219
Hank Webb,1013710
Hank Wyse,1014315
Hans Crouse,22192
Hansel Izquierdo,522
Hansel Robles,11801
Hanser Alberto,11902
Harley Grossman,1005087
Harley Hisner,1005859
Harold Castro,14691
Harrison Musgrave,16532
Harry Brecheen,1001375
Harry Byrd,1001793
Harry Dorish,1003411
Harry Fanok,1003924
Harry Fisher,1004089
Harry Gumbert,1005141
Harry Parker,1010003
Harry Perkowski,1010195
Harry Schaeffer,1011507
Harry Taylor,1012877
Harry Taylor,1012875
Harvey Branch,1001341
Harvey Garcia,3100
Harvey Haddix,1005184
Harvey Shank,1011790
Hayden Birdsong,31635
Hayden Harris,31913
Hayden Penn,4893
Hayden Wesneski,27581
Heath Bell,2080
Heath Fillmyer,17466
Heath Haynes,1005533
Heath Hembree,11632
Heath Murray,1510
Heath Phillips,3396
Heathcliff Slocumb,1012069
Hector Almonte,1729
Hector Ambriz,559
Hector Carrasco,1240
Hector Fajardo,1003908
Hector Maestri,1007960
Hector Mercado,960
Hector Neris,11804
Hector Noesi,3292
Hector Perez,18592
Hector Ramirez,1010669
Hector Rondon,2391
Hector Santiago,4026
Hector Torres,1013132
Hector Velazquez,19341
Hector Wagner,1013484
Henderson Alvarez,5669
Henry Owens,13143
Henry Owens,3520
Henry Rodriguez,6371
Henry Sosa,6936
Henry Villar,5360
Herb Hippauf,1005856
Herb Hutson,1006242
Herb Moford,1009028
Herb Score,1011671
Herm Wehmeier,1013729
Herman Segelke,1011723
Herman Starrette,1012434
Hernan Perez,5751
Hersh Freeman,1004319
Hideki Irabu,1255
Hideki Okajima,7763
Hideo Nomo,666
Hilly Hathaway,1005492
Hipolito Pena,1010145
Hipolito Pichardo,1472
Hiram Burgos,9412
Hirokazu Sawamura,27515
Hiroki Kuroda,3283
Hisanori Takahashi,10091
Hisashi Iwakuma,13048
Hobie Harris,18615
Hoby Milner,13346
Hogan Harris,21520
Homer Bailey,8362
Hong-Chih Kuo,7016
Horacio Estrada,1003843
Horacio Pina,1010354
Horacio Ramirez,110
Howard Bailey,1000425
Howard Farmer,1003936
Howard Hilton,1005837
Howie Fox,1004278
Howie Judson,1006646
Howie Koplitz,1007107
Howie Nunn,1009662
Howie Pollet,1010423
Howie Reed,1010766
Hoyt Wilhelm,1013945
Huascar Brazoban,6107
Huascar Ynoa,20468
Huck Flener,1004148
Humberto Arteaga,13595
Humberto Castellanos,21183
Humberto Mejia,20739
Humberto Robinson,1011068
Humberto Sanchez,4303
Hunter Barco,33174
Hunter Bigge,26259
Hunter Brown,25880
Hunter Cervenka,10510
Hunter Dobbins,30240
Hunter Dozier,15117
Hunter Gaddis,25636
Hunter Greene,22182
Hunter Harvey,15507
Hunter Jones,4656
Hunter Stratton,23455
Hunter Strickland,7836
Hunter Wood,15091
Hurston Waldrep,33527
Huston Street,8258
Hy Cohen,1002401
Hyeon-jong Yang,27513
Hyun-Jin Ryu,14444
Ian Anderson,19951
Ian Desmond,6885
Ian Gibaut,17871
Ian Hamilton,19261
Ian Happ,17919
Ian Kennedy,6986
Ian Kinsler,6195
Ian Krol,10066
Ian Seymour,27932
Ian Snell,2227
Ian Thomas,13881
Ichiro Suzuki,1101
Ike Brookens,1001473
Ike Davis,8433
Ike Delock,1003179
Ildemaro Vargas,13324
Irv Medlinger,1008717
Isaac Mattson,20385
Isaiah Campbell,25551
Isiah Kiner-Falefa,16512
Isidro Marquez,1008120
Ismael Valdez,1283
Ismael Villegas,1013428
Israel Sanchez,1011407
Ivan Nova,1994
J.A. Happ,7410
J.B. Bukauskas,20491
J.B. Wendelken,14506
J.C. Romero,754
J.D. Davis,16219
J.D. Durbin,7992
J.D. Hammer,19548
J.D. Martin,3685
J.D. Smart,1012081
J.J. Hoover,9037
J.J. Putz,1795
J.J. Thobe,1012959
J.J. Trujillo,1524
J.P. Arencibia,697
J.P. Feyereisen,16610
J.P. France,21212
J.P. Howell,8245
J.R. Graham,12042
J.R. Richard,1010913
J.T. Ginn,27889
JB Shuck,6677
JC Mejia,20617
JC Ramirez,8302
JP Sears,23429
JT Brubaker,17578
JT Chargois,13767
Jace Fry,16159
Jace Peterson,12325
Jack Aker,1000097
Jack Armstrong,1000313
Jack Baldschun,1000475
Jack Banta,1000520
Jack Billingham,1000970
Jack Brittin,1001449
Jack Bruner,1001591
Jack Cassel,3052
Jack Cressend,723
Jack Crimian,1002769
Jack Cullen,1002859
Jack Curtis,1002904
Jack Dilauro,1003296
Jack Dreyer,30249
Jack Egbert,7487
Jack Faszholz,1003956
Jack Fisher,1004090
Jack Flaherty,17479
Jack Hamilton,1005274
Jack Hardy,1005352
Jack Harshman,1005435
Jack Jenkins,1006389
Jack Kochanowicz,27688
Jack Kralick,1007135
Jack Kramer,1007137
Jack Kucek,1007195
Jack Lamabe,1007266
Jack Lazorko,1007420
Jack Leathersich,12562
Jack Leiter,30146
Jack Little,26152
Jack Mayfield,15402
Jack McDowell,1008473
Jack McMahan,1008631
Jack Meyer,1008828
Jack Morris,1009211
Jack Neely,30106
Jack O'Connor,1009714
Jack O'Loughlin,22690
Jack Phillips,1010293
Jack Sanford,1011432
Jack Savage,1011468
Jack Smith,1012161
Jack Spring,1012362
Jack Taschner,2766
Jack Urban,1013297
Jack Warner,1013634
Jack Whillock,1013841
Jackie Bradley Jr.,12984
Jackie Brown,1001522
Jackie Collum,1002469
Jackson Jobe,30203
Jackson Kowar,21549
Jackson Perkins,31468
Jackson Rutledge,26215
Jackson Stephens,14420
Jackson Tetreault,20565
Jackson Todd,1013096
Jackson Wolf,29832
Jacob Amaya,23296
Jacob Barnes,12323
Jacob Brigham,2851
Jacob Latz,21306
Jacob Lemoine,19785
Jacob Lindgren,16215
Jacob Lopez,25098
Jacob Misiorowski,31623
Jacob Nix,17775
Jacob Rhame,15267
Jacob Stallings,13723
Jacob Turner,10185
Jacob Waguespack,18318
Jacob Webb,19274
Jacob deGrom,10954
Jaden Hill,30250
Jae Kuk Ryu,8228
Jae Seo,895
Jaff Decker,7945
Jailen Peguero,2913
Jaime Barria,18356
Jaime Bluma,1001096
Jaime Cerda,1532
Jaime Cocanower,1002380
Jaime Garcia,8137
Jaime Navarro,1009465
Jaime Schultz,15066
Jair Jurrjens,5556
Jairo Asencio,3332
Jairo Diaz,12774
Jairo Iriarte,26907
Jairo Labourt,14996
Jake Arrieta,4153
Jake Barrett,13322
Jake Bauers,15194
Jake Bird,21267
Jake Bloss,33168
Jake Brentz,17783
Jake Buchanan,10962
Jake Cousins,21620
Jake Cronenworth,18036
Jake Diekman,5003
Jake Dunning,10803
Jake Eder,27590
Jake Elmore,7290
Jake Esch,12756
Jake Faria,13699
Jake Fishman,20060
Jake Hager,12198
Jake Irvin,21504
Jake Jaeckel,1006333
Jake Jewell,16958
Jake Lamb,13329
Jake McGee,7550
Jake Newberry,15136
Jake Odorizzi,6397
Jake Palisch,31598
Jake Peavy,1051
Jake Petricka,10534
Jake Reed,16209
Jake Robbins,2266
Jake Rogers,19452
Jake Smith,14379
Jake Smolinski,5408
Jake Striker,1012619
Jake Thies,1012957
Jake Thompson,14371
Jake Walsh,20227
Jake Westbrook,412
Jake Wong,23095
Jake Woodford,18674
Jake Woods,2196
Jakob Junis,13619
Jalen Beeks,17192
James Atkins,1000352
James Baldwin,1064
James Bourque,16668
James Houser,6113
James Hoyt,14605
James Hurst,1006224
James Kaprielian,18331
James Karinchak,20151
James Marvel,19675
James McArthur,21527
James McCann,12859
James McDonald,5523
James Meeker,29891
James Naile,18186
James Norwood,16440
James Parr,7734
James Paxton,11828
James Pazos,13323
James Russell,4089
James Shields,7059
Jameson Taillon,11674
Jamey Carroll,1591
Jamey Wright,715
Jamie Arnold,1000319
Jamie Brewington,1001411
Jamie Brown,371
Jamie Burke,6
Jamie Callahan,14711
Jamie Easterly,1003639
Jamie McAndrew,1008327
Jamie Moyer,1091
Jamie Vermilyea,5660
Jamie Walker,502
Jan Dukes,1003544
Jandel Gustave,14665
Janson Junk,23301
Jared Burton,8346
Jared Fernandez,324
Jared Hoying,10882
Jared Hughes,9325
Jared Jones,27863
Jared Koenig,27517
Jared Shuster,27472
Jared Solomon,23425
Jared Triolo,25807
Jared Walsh,18607
Jared Wells,5538
Jared Young,20404
Jaret Wright,415
Jarlin Garcia,18282
Jarred Cosart,10304
Jarrett Grube,7553
Jarrod Parker,4913
Jarrod Washburn,40
Jason Adam,11861
Jason Alexander,19666
Jason Anderson,1661
Jason Bere,266
Jason Bergmann,4640
Jason Berken,5673
Jason Beverlin,1560
Jason Boyd,1020
Jason Bulger,3915
Jason Childers,2379
Jason Christiansen,1111
Jason Davis,1598
Jason Dickson,1003278
Jason Foley,19531
Jason Frasor,1906
Jason Garcia,12143
Jason Gilfillan,1710
Jason Green,1004998
Jason Grilli,521
Jason Grimsley,602
Jason Gurka,8007
Jason Hammel,4538
Jason Hirsh,6293
Jason Hursh,14914
Jason Isringhausen,1158
Jason Jacome,1006330
Jason Jennings,434
Jason Jimenez,1506
Jason Johnson,147
Jason Karnuth,1162
Jason Kershner,1566
Jason Lane,1397
Jason Marquis,105
Jason Middlebrook,1048
Jason Miller,3104
Jason Motte,5861
Jason Pearson,1512
Jason Phillips,1549
Jason Rakers,1010660
Jason Roach,1740
Jason Schmidt,1131
Jason Shiell,1625
Jason Simontacchi,1181
Jason Standridge,1229
Jason Stanford,1763
Jason Szuminski,1881
Jason Vargas,8044
Jason Vosler,16686
Jason Waddell,3474
Jason Wheeler,13128
Jason Windsor,8373
Jason Wood,1999
Jason Young,1707
Javier Assad,21741
Javier Lopez,1663
Javier Martinez,1008172
Javier Sanoja,28253
Javier Vazquez,801
Javy Guerra,7407
Javy Guerra,17292
Jay Aldrich,1000117
Jay Avrea,1000382
Jay Baller,1000492
Jay Buente,9494
Jay Dahl,1002926
Jay Flaa,18140
Jay Franklin,1004300
Jay Heard,1005550
Jay Hook,1005999
Jay Howell,1006098
Jay Jackson,7432
Jay Marshall,5546
Jay Pettibone,1010250
Jay Powell,1271
Jay Ritchie,1010988
Jay Ryan,1011340
Jay Sborz,2271
Jay Spurgeon,1012369
Jay Tessmer,851
Jay Tibbs,1013055
Jay Witasick,1138
Jayden Murray,26482
Jaye Chapman,9096
Jayson Aquino,13150
Jayson Durocher,1497
Jayvien Sandridge,25158
Jean Machi,3220
Jeanmar Gomez,9033
Jed Bradley,13166
Jedd Gyorko,10816
Jeff Austin,587
Jeff Bajenaru,2920
Jeff Ballard,1000490
Jeff Barkley,1000550
Jeff Beliveau,8504
Jeff Bennett,1903
Jeff Bettendorf,1000930
Jeff Bittiger,1001000
Jeff Brantley,1001358
Jeff Brigham,16631
Jeff Bronkey,1001468
Jeff Byrd,1001794
Jeff Calhoun,1001835
Jeff Carter,1002017
Jeff Cirillo,1073
Jeff Cornell,1002632
Jeff Criswell,27608
Jeff D'Amico,1002961
Jeff D'Amico,871
Jeff Darwin,1002997
Jeff Dedmon,1003132
Jeff Farnsworth,465
Jeff Fassero,279
Jeff Ferrell,11506
Jeff Fischer,1004069
Jeff Francis,4684
Jeff Francoeur,4792
Jeff Fulchino,3532
Jeff Granger,1004944
Jeff Gray,7718
Jeff Gray,1004971
Jeff Hamilton,1005275
Jeff Harris,7189
Jeff Hartsock,1005462
Jeff Heathcock,1005561
Jeff Hoffman,17432
Jeff Holly,1005968
Jeff Innis,1006266
Jeff James,1006350
Jeff Johnson,1006465
Jeff Jones,1006566
Jeff Juden,1006643
Jeff Kaiser,1006674
Jeff Karstens,5879
Jeff Keener,1006754
Jeff Kubenka,1007189
Jeff Kunkel,1007211
Jeff Lahti,1007257
Jeff Lindgren,25830
Jeff Little,1007664
Jeff Locke,2929
Jeff Manship,6865
Jeff Marquez,7456
Jeff Mathis,3448
Jeff McCurry,1008440
Jeff Montgomery,1009071
Jeff Musselman,1009407
Jeff Mutis,1009412
Jeff Nelson,1092
Jeff Newman,1009543
Jeff Niemann,8591
Jeff Parrett,1010019
Jeff Patterson,1010065
Jeff Peterek,1010230
Jeff Pico,1010320
Jeff Pierce,1010330
Jeff Plympton,1010401
Jeff Reardon,1010741
Jeff Richardson,1010912
Jeff Ridgway,2819
Jeff Rineer,1010971
Jeff Robinson,1011073
Jeff Robinson,1011072
Jeff Russell,1011314
Jeff Samardzija,3254
Jeff Schattinger,1011528
Jeff Schmidt,1011584
Jeff Schneider,1011595
Jeff Schwarz,1011658
Jeff Sellers,1011733
Jeff Shaver,1011814
Jeff Shaw,1011823
Jeff Sparks,1012304
Jeff Stember,1012478
Jeff Stevens,3367
Jeff Suppan,633
Jeff Tabaka,1012802
Jeff Tackett,1012809
Jeff Tam,940
Jeff Terpko,1012921
Jeff Twitty,1013245
Jeff Wallace,1013550
Jeff Ware,1013626
Jeff Weaver,503
Jeff Williams,674
Jeff Zaske,1014421
Jeff Zimmerman,1014446
Jeffrey Springs,17677
Jefry Rodriguez,17018
Jen-Ho Tseng,15524
Jenrry Mejia,8476
Jensen Lewis,3384
Jerad Eickhoff,12664
Jered Weaver,4235
Jeremiah Estrada,22210
Jeremy Accardo,6428
Jeremy Affeldt,583
Jeremy Beasley,20205
Jeremy Bleich,9069
Jeremy Bonderman,1667
Jeremy Fikac,1031
Jeremy Griffiths,1731
Jeremy Guthrie,2072
Jeremy Hefner,1989
Jeremy Hellickson,4371
Jeremy Hernandez,1005705
Jeremy Hill,1607
Jeremy Horst,596
Jeremy Jeffress,9490
Jeremy Powell,1010490
Jeremy Sowers,9083
Jeremy Walker,19981
Jeriome Robertson,1619
Jermaine Palacios,18371
Jermaine Van Buren,2492
Jerome Williams,1137
Jerrod Riggan,1422
Jerry Augustine,1000365
Jerry Bell,1000812
Jerry Blevins,7841
Jerry Casale,1002029
Jerry Cram,1002728
Jerry Crider,1002766
Jerry Dahlke,1002927
Jerry Davie,1003032
Jerry Dipoto,1003321
Jerry Don Gleaton,1004772
Jerry Fahr,1003901
Jerry Fosnow,1004241
Jerry Garvin,1004558
Jerry Hinsley,1005850
Jerry Janeski,1006356
Jerry Johnson,1006464
Jerry Koosman,1007103
Jerry Kutzler,1007225
Jerry Lane,1007309
Jerry Nielsen,1009584
Jerry Nyman,1009670
Jerry Reed,1010769
Jerry Reuss,1010853
Jerry Robertson,1011036
Jerry Spradlin,1012353
Jerry Stephenson,1012494
Jerry Terrell,1012922
Jerry Ujdur,1013269
Jerry Vasto,17126
Jerry Walker,1013523
Jesen Therrien,15853
Jesmuel Valentin,14548
Jess Todd,3805
Jesse Biddle,11437
Jesse Carlson,4391
Jesse Chavez,5448
Jesse Crain,4817
Jesse English,4454
Jesse Flores,1004170
Jesse Foppert,1688
Jesse Hahn,13287
Jesse Hickman,1005775
Jesse Hudson,1006136
Jesse Jefferson,1006380
Jesse Litsch,3688
Jesse Orosco,667
Jesse Scholtens,19205
Jessie Hollins,1005960
Jesus Colome,1198
Jesus Cruz,20042
Jesus Delgado,3308
Jesus Hernaiz,1005704
Jesus Luzardo,19959
Jesus Pena,1010146
Jesus Reyes,19277
Jesus Sanchez,1476
Jesus Sucre,5942
Jesus Tinoco,16300
Jeurys Familia,5114
Jhan Marinez,5830
Jharel Cotton,13654
Jhoan Duran,21029
Jhon Romero,19940
Jhonathan Diaz,20298
Jhonny Nunez,6640
Jhonny Pereda,19802
Jhony Brito,25386
Jhoulys Chacin,2608
Jim Abbott,1000012
Jim Acker,1000030
Jim Archer,1000291
Jim Austin,1000373
Jim Bailey,1000426
Jim Barr,1000606
Jim Beattie,1000731
Jim Bethke,1000929
Jim Bibby,1000945
Jim Blackburn,1001017
Jim Bouton,1001241
Jim Brady,1001327
Jim Brenneman,1001391
Jim Brewer,1001406
Jim Britton,1001451
Jim Bronstad,1001469
Jim Brosnan,1001479
Jim Brower,313
Jim Bruske,1001598
Jim Bullinger,1001646
Jim Bunning,1001653
Jim Burton,1001737
Jim Campbell,1001883
Jim Clancy,1002255
Jim Coates,1002374
Jim Colborn,1002409
Jim Constable,1002546
Jim Converse,1002549
Jim Corsi,1002644
Jim Cosman,1002652
Jim Crawford,1002742
Jim Crowell,1928
Jim Czajkowski,1002918
Jim Davis,1003058
Jim Dedrick,1003133
Jim Derrington,1003222
Jim Deshaies,1003228
Jim Dickson,1003279
Jim Donohue,1003388
Jim Dorsey,1003420
Jim Dougherty,1003429
Jim Duckworth,1003521
Jim Duffalo,1003525
Jim Dunegan,1003560
Jim Dunn,1003574
Jim Ellis,1003749
Jim Farr,1003951
Jim Foor,1004209
Jim Gantner,1004483
Jim Geddes,1004589
Jim Gideon,1004678
Jim Golden,1004804
Jim Gott,1004898
Jim Hannan,1005316
Jim Hardin,1005344
Jim Hearn,1005556
Jim Heise,1005601
Jim Henderson,6653
Jim Hickman,1005777
Jim Hoey,6007
Jim Hughes,1006157
Jim Hughes,1006156
Jim Hunter,1006203
Jim Johnson,1006468
Jim Johnson,3656
Jim Kaat,1006660
Jim Kern,1006868
Jim Konstanty,1007098
Jim Kremmel,1007157
Jim Lehew,1007485
Jim Lewis,1007583
Jim Lewis,1007582
Jim Lonborg,1007724
Jim Magnuson,1007971
Jim Maloney,1008039
Jim Mann,566
Jim Manning,1008067
Jim McAndrew,1008328
Jim McDonald,1008464
Jim McGlothlin,1008532
Jim McKee,1008585
Jim Mecir,930
Jim Merritt,1008789
Jim Miles,1008863
Jim Miller,7458
Jim Minshall,1008985
Jim Morris,1009213
Jim Morrison,1009212
Jim Nash,1009458
Jim Neidlinger,1009487
Jim Nelson,1009503
Jim O'Toole,1009897
Jim Ollom,1009783
Jim Otten,1009901
Jim Owens,1009923
Jim Palmer,1009973
Jim Panther,1009980
Jim Parque,250
Jim Pearce,1010106
Jim Pena,1010147
Jim Perry,1010213
Jim Pittsley,1010379
Jim Poole,1010435
Jim Proctor,1010542
Jim Ray,1010726
Jim Rittwage,1010996
Jim Roland,1011156
Jim Romano,1011164
Jim Rooker,1011183
Jim Sadowski,1011365
Jim Shellenback,1011859
Jim Siwy,1012025
Jim Slaton,1012054
Jim Stoops,1012575
Jim Strickland,1012616
Jim Stump,1012651
Jim Suchecki,1012666
Jim Todd,1013097
Jim Umbarger,1013276
Jim Umbricht,1013277
Jim Waugh,1013687
Jim Weaver,1013700
Jim Willis,1014006
Jim Willoughby,1014047
Jim Wilson,1014089
Jim Winn,1014140
Jim Wright,1014283
Jim Wright,1014284
Jim York,1014351
Jimmie Sherfy,15118
Jimmy Anderson,977
Jimmy Barthmaier,6292
Jimmy Cordero,15690
Jimmy Freeman,1004321
Jimmy Gobble,1791
Jimmy Haynes,329
Jimmy Herget,17556
Jimmy Jones,1006569
Jimmy Journell,1161
Jimmy Key,1006885
Jimmy Lambert,19541
Jimmy Myers,1009424
Jimmy Nelson,10547
Jimmy Osting,701
Jimmy Rogers,1011134
Jimmy Serrano,2491
Jimmy Yacabonis,15157
Jin Ho Cho,1002203
Jo-Jo Reyes,5559
JoJo Romero,19574
Joakim Soria,6941
Joan Adon,22925
Joaquin Andujar,1000266
Joaquin Benoit,1437
Joba Chamberlain,2692
Jocko Thompson,1013016
Joe Albanese,1000101
Joe Ausanio,1000369
Joe Barlow,22296
Joe Beckwith,1000758
Joe Beimel,979
Joe Biagini,13194
Joe Bisenius,7370
Joe Bitker,1000999
Joe Black,1001019
Joe Blanton,4849
Joe Boever,1001118
Joe Bonikowski,1001167
Joe Borowski,267
Joe Boyle,29608
Joe Coleman,1002428
Joe Coleman,1002427
Joe Cowley,1002690
Joe Crawford,1002743
Joe Davenport,1003018
Joe Dawley,1632
Joe Decker,1003127
Joe Dobson,1003344
Joe Edelen,1003666
Joe Fontenot,1004206
Joe Gibbon,1004658
Joe Gilbert,1004692
Joe Grahe,1004939
Joe Grzenda,1005112
Joe Harvey,16459
Joe Hatten,1005495
Joe Haynes,1005534
Joe Henderson,1005633
Joe Hesketh,1005747
Joe Hoerner,1005895
Joe Horgan,2304
Joe Horlen,1006025
Joe Hudson,1006138
Joe Inglett,7254
Joe Jacques,25178
Joe Jimenez,15761
Joe Johnson,1006473
Joe Keener,1006755
Joe Kelly,9761
Joe Kennedy,1217
Joe Kerrigan,1006873
Joe Klink,1007012
Joe Kraemer,1007132
Joe La Sorsa,25481
Joe Landrum,1007302
Joe Magrane,1007973
Joe Mantiply,14857
Joe Margoneri,1008105
Joe Martinez,3935
Joe Mather,3714
Joe Mays,740
Joe McClain,1008389
Joe McIntosh,1008572
Joe Moeller,1009023
Joe Muir,1009288
Joe Murray,1009391
Joe Musgrove,12970
Joe Nathan,1122
Joe Nelson,108
Joe Niekro,1009582
Joe Nuxhall,1009665
Joe Ortiz,7955
Joe Ostrowski,1009887
Joe Pactwa,1009941
Joe Page,1009951
Joe Paterson,2565
Joe Presko,1010522
Joe Price,1010530
Joe Roa,969
Joe Rock,30016
Joe Rodriguez,1180
Joe Ross,12972
Joe Rosselli,1011228
Joe Ryan,21390
Joe Sambito,1011392
Joe Saunders,4366
Joe Savery,2835
Joe Schaffernoth,1011512
Joe Shipley,1011907
Joe Simpson,1011996
Joe Skalski,1012030
Joe Slusarski,1012071
Joe Smith,3281
Joe Sparma,1012307
Joe Stanka,1012407
Joe Strong,1012630
Joe Thatcher,4620
Joe Trimble,1013185
Joe Valentine,1810
Joe Verbanic,1013407
Joe Vitko,1013443
Joe Wieland,6109
Joe Winkelsas,7988
Joel Adamson,1000056
Joel Bennett,1000845
Joel Carreno,2746
Joel Davis,1003061
Joel De La Cruz,12825
Joel Finch,1004049
Joel Hanrahan,2186
Joel Johnston,1006474
Joel Kuhnel,19995
Joel McKeon,1008595
Joel Payamps,14332
Joel Peguero,21951
Joel Peralta,2332
Joel Pineiro,1094
Joel Zumaya,4699
Joely Rodriguez,11487
Joey Cantillo,23335
Joey Devine,9862
Joey Eischen,774
Joey Estes,26257
Joey Gerber,24591
Joey Hamilton,328
Joey Jay,1006373
Joey Krehbiel,13707
Joey Long,1007735
Joey Lucchesi,19320
Joey McLaughlin,1008614
Joey Nation,1009462
Joey Wentz,19962
Johan Oviedo,22487
Johan Quezada,20643
Johan Santana,755
John Anderson,1000233
John Andre,1000255
John Andrews,1000256
John Axford,9059
John Baker,4756
John Bale,864
John Barfield,1000538
John Bohnet,1001129
John Boozer,1001194
John Braun,1001365
John Brebbia,12777
John Briggs,1001428
John Briscoe,1001441
John Burke,1001686
John Burkett,179
John Butcher,1001762
John Buzhardt,1001788
John Candelaria,1001909
John Caneira,1001912
John Cangelosi,1001913
John Cerutti,1002106
John Cornely,12364
John Costello,1002654
John Courtright,1002679
John Cumberland,1002871
John Cummings,1002874
John Curtis,1002905
John Curtiss,16128
John D'Acquisto,1002919
John Danks,6329
John Davis,1003062
John DeSilva,1003230
John Denny,1003210
John Dettmer,1003236
John Doherty,1003358
John Dopson,1003404
John Duffie,1003527
John Edelman,1003667
John Ely,6132
John Ennis,85
John Ericks,1003809
John Farrell,1003948
John Fitzgerald,1004111
John Flavin,1004141
John Flinn,1004161
John Foster,86
John Franco,874
John Frascatore,1004304
John Fulgham,1004389
John Gabler,1004416
John Gant,13684
John Gast,11133
John Gaub,2857
John Gelnar,1004608
John Goetz,1004799
John Grabow,1848
John Habyan,1005176
John Halama,1080
John Henry Johnson,1006472
John Hiller,1005817
John Hobbs,1005870
John Holdzkom,9392
John Hoover,1006010
John Hope,1006011
John Hudek,1006128
John Johnstone,1006475
John Kiely,1006894
John King,22051
John Koronka,2130
John LaRose,1007357
John Lackey,1507
John Lamb,1007276
John Lamb,8493
John Lannan,7080
John Leister,1007500
John Leroy,1007553
John Littlefield,1007665
John Mabry,1381
John Mackinson,1007922
John Maine,4773
John Martin,1008179
John McDonald,395
John McMillon,27942
John Means,16269
John Miller,1008907
John Mitchell,1009003
John Montague,1009060
John Montefusco,1009065
John Morlan,1009191
John Morris,1009219
John Moses,1009243
John Nogowski,16852
John Noriega,1009629
John O'Donoghue,1009733
John O'Donoghue,1009732
John Pacella,1009933
John Papa,1009982
John Parrish,160
John Patterson,71
John Pawlowski,1010089
John Perkovich,1010196
John Poloni,1010426
John Pregenzer,1010516
John Purdin,1010570
John Pyecha,1010580
John Rheinecker,2165
John Riedling,1515
John Rocker,1273
John Romonosky,1011176
John Rooney,24590
John Roper,1011189
John Russell,1011317
John Ryan Murphy,10346
John Schreiber,20020
John Smiley,1012084
John Smoltz,115
John Snyder,1012253
John Stephens,1569
John Strohmayer,1012626
John Stuper,1012652
John Sutton,1012747
John Thomson,453
John Trautwein,1013159
John Tsitouris,1013208
John Tudor,1013215
John Upham,1013289
John Urrea,1013301
John Van Benschoten,2228
John Verhoeven,1013414
John Wasdin,1768
John Webb,7230
John Wetteland,1013815
John Wyatt,1014303
Johnnie Seale,1011701
Johnny Abrego,1000027
Johnny Antonelli,1000277
Johnny Barbato,11440
Johnny Cueto,6893
Johnny Field,15048
Johnny Gray,1004973
Johnny Guzman,1005161
Johnny Hellweg,10065
Johnny Hetki,1005752
Johnny James,1006351
Johnny Klippstein,1007013
Johnny Kucab,1007194
Johnny Kucks,1007196
Johnny Lindell,1007619
Johnny O'Brien,1009697
Johnny Podres,1010406
Johnny Ruffin,1011295
Johnny Rutherford,1011329
Johnny Sain,1011373
Johnny Schmitz,1011585
Johnny Vander Meer,1013350
Jon Adkins,1799
Jon Berti,12037
Jon Coutlangus,6182
Jon Duplantier,19546
Jon Edwards,1483
Jon Garland,232
Jon Gray,14916
Jon Huber,3109
Jon Jay,5227
Jon Leicester,2092
Jon Lester,4930
Jon Lieber,287
Jon Link,3894
Jon Matlack,1008246
Jon Meloan,3355
Jon Moscot,13849
Jon Niese,4424
Jon Perlman,1010197
Jon Ratliff,1010711
Jon Rauch,1475
Jon Switzer,1786
Jon Warden,1013610
Jonah Bayliss,4560
Jonah Bride,24703
Jonah Tong,32157
Jonathan Albaladejo,3521
Jonathan Arauz,20275
Jonathan Aro,14699
Jonathan Bermudez,21241
Jonathan Bowlan,24607
Jonathan Broxton,4759
Jonathan Cannon,31730
Jonathan Heasley,22224
Jonathan Hernandez,17464
Jonathan Holder,16588
Jonathan Hurst,1006226
Jonathan Johnson,59
Jonathan Loaisiga,19753
Jonathan Papelbon,5975
Jonathan Pettibone,7106
Jonathan Pintaro,33980
Jonathan Sanchez,7507
Jonathan Schoop,11265
Jonathan Stiever,24584
Jonathan Van Every,3409
Jonny Gomes,1845
Jonny Venters,7175
Jophery Brown,1001532
Jordan Balazovic,21866
Jordan De Jong,4329
Jordan Hicks,19618
Jordan Holloway,20631
Jordan Jankowski,13313
Jordan Leasure,29950
Jordan Luplow,16424
Jordan Lyles,7593
Jordan Montgomery,16511
Jordan Norberto,8432
Jordan Romano,16122
Jordan Sheffield,19682
Jordan Smith,9515
Jordan Tata,5999
Jordan Walden,3271
Jordan Weems,13190
Jordan Wicks,30094
Jordan Yamamoto,17585
Jordan Zimmerman,1014447
Jordan Zimmermann,4505
Jorge Alcala,19459
Jorge Campillo,8686
Jorge De La Rosa,2047
Jorge De Leon,5397
Jorge DePaula,1827
Jorge Guzman,17505
Jorge Julio,148
Jorge Lopez,14527
Jorge Mateo,17273
Jorge Rondon,5791
Jorge Rubio,1011277
Jorge Sosa,1228
Jorge Vasquez,2221
Jose A. Ferrer,24017
Jose Acevedo,307
Jose Alberro,1000105
Jose Alvarado,17780
Jose Alvarez,5358
Jose Alvarez,1000195
Jose Arredondo,4722
Jose Ascanio,3951
Jose Bautista,1000694
Jose Berrios,14168
Jose Butto,23313
Jose Caballero,23401
Jose Cabrera,679
Jose Cano,1001917
Jose Canseco,1001918
Jose Capellan,2236
Jose Castillo,17169
Jose Cecena,1002097
Jose Ceda,2377
Jose Cisnero,6399
Jose Contreras,1660
Jose Corniell,27984
Jose Cuas,17701
Jose De La Torre,787
Jose De Leon,15463
Jose De Paula,5744
Jose DeJesus,1003151
Jose DeLeon,1003168
Jose Dominguez,11571
Jose Espada,21131
Jose Fermin,33908
Jose Fernandez,11530
Jose Fernandez,14733
Jose Garcia,3727
Jose Guzman,1005160
Jose Hernandez,22318
Jose Herrera,17040
Jose Jimenez,435
Jose Leclerc,14524
Jose Lima,475
Jose Lopez,22982
Jose Marte,21761
Jose Martinez,1008180
Jose Melendez,1008745
Jose Mercedes,396
Jose Mesa,961
Jose Mijares,4140
Jose Mujica,17821
Jose Nunez,1410
Jose Nunez,1009659
Jose Oquendo,1009827
Jose Ortega,9651
Jose Osuna,12937
Jose Paniagua,483
Jose Parra,70
Jose Pena,1010148
Jose Peraza,13593
Jose Quijada,19200
Jose Quintana,11423
Jose Ramirez,10171
Jose Reyes,1736
Jose Rijo,349
Jose Rodriguez,17860
Jose Roman,1011166
Jose Rondon,14140
Jose Rosado,1011192
Jose Ruiz,14552
Jose Santiago,972
Jose Santiago,1011442
Jose Santiago,1011443
Jose Segura,1011726
Jose Silva,354
Jose Soriano,22100
Jose Sosa,1012285
Jose Suarez,19911
Jose Torres,14957
Jose Trevino,16725
Jose Urena,11589
Jose Urquidy,18413
Jose Valdez,14470
Jose Valdez,3217
Jose Valverde,1726
Jose Veras,2063
Joselo Diaz,2057
Joseph Colon,4920
Joseph Palumbo,17035
Josh A. Smith,10946
Josh Banks,5570
Josh Beckett,510
Josh Butler,1141
Josh Collmenter,7312
Josh D. Smith,13629
Josh Donaldson,5038
Josh Edgin,10796
Josh Fields,5070
Josh Fleming,20418
Josh Fogg,989
Josh Geer,4781
Josh Hader,14212
Josh Hall,1784
Josh Hancock,1606
Josh Harrison,8202
Josh James,16794
Josh Johnson,4567
Josh Judy,1975
Josh Kinney,3638
Josh Lester,17737
Josh Lindblom,7882
Josh Lucas,11686
Josh Lueke,5722
Josh Maciejewski,21310
Josh Newman,7383
Josh Osich,11528
Josh Outman,4004
Josh Pearce,1175
Josh Phegley,9308
Josh Ravin,2951
Josh Reddick,3892
Josh Roenicke,3241
Josh Rogers,18510
Josh Rojas,19734
Josh Rupe,7206
Josh Sborz,18323
Josh Sharpless,5567
Josh Simpson,25957
Josh Smoker,10285
Josh Spence,11260
Josh Staumont,18335
Josh Stewart,1683
Josh Stinson,3219
Josh Taylor,17359
Josh Tomlin,9388
Josh Towers,1489
Josh VanMeter,15170
Josh Walker,23617
Josh Wall,4436
Josh Wilson,2102
Josh Winckowski,22387
Josh Winder,24606
Josh Zeid,6527
Joshua Fuentes,16885
Josiah Gray,24580
Josias Manzanillo,996
Jovani Moran,20422
Juan Abreu,6306
Juan Acevedo,458
Juan Agosto,1000084
Juan Alvarez,1432
Juan Berenguer,1000865
Juan Burgos,27271
Juan Castillo,1002064
Juan Cerros,1839
Juan Cruz,273
Juan Dominguez,1796
Juan Eichelberger,1003711
Juan Gutierrez,3265
Juan Guzman,1005162
Juan Jaime,6127
Juan Jimenez,1006412
Juan Lara,2613
Juan Marichal,1008106
Juan Mateo,3753
Juan Mejia,23237
Juan Minaya,10341
Juan Moreno,1465
Juan Morillo,3369
Juan Morillo,21924
Juan Nicasio,7731
Juan Nieves,1009594
Juan Oviedo,2886
Juan Padilla,2532
Juan Pena,1010149
Juan Perez,2557
Juan Pizarro,1010382
Juan Rincon,752
Juan Salas,2533
Juan Then,22828
Julian Aguiar,30031
Julian Fernandez,18341
Julian Merryweather,16703
Julian Tavarez,541
Julio Becquer,1000760
Julio DePaula,2786
Julio Machado,1007907
Julio Manon,1732
Julio Mateo,1087
Julio Moreno,1009165
Julio Navarro,1009466
Julio Santana,496
Julio Solano,1012266
Julio Teheran,6797
Julio Urias,14765
Julio Valera,1013331
Jumbo Diaz,3397
Jung Bong,82
Junichi Tazawa,4079
Junior Fernandez,18496
Junior Guerra,5702
Junior Herndon,1005716
Junior Noboa,1009612
Junior Walsh,1013579
Justin Anderson,16201
Justin Atchley,1000346
Justin Berg,1973
Justin Bruihl,23779
Justin Brunette,1001592
Justin De Fratus,4955
Justin Duchscherer,910
Justin Dunn,19268
Justin Garza,19784
Justin Germano,1938
Justin Grimm,11720
Justin Hagenman,21546
Justin Haley,13572
Justin Hampson,2209
Justin Hancock,12316
Justin Huisman,1914
Justin James,6140
Justin Kaye,1083
Justin Lawrence,17639
Justin Lehr,2163
Justin Marks,10265
Justin Martinez,24453
Justin Masterson,2038
Justin Miller,1313
Justin Miller,8580
Justin Nicolino,11754
Justin Shafer,16132
Justin Slaten,25648
Justin Speier,451
Justin Steele,17312
Justin Sterner,27694
Justin Thomas,9910
Justin Thompson,8217
Justin Topa,15145
Justin Turner,5235
Justin Verlander,8700
Justin Wayne,803
Justin Wilson,4301
Justin Wrobleski,31204
Justus Sheffield,17285
Ka'ai Tom,18136
Kade Strowd,26191
Kai-Wei Teng,24282
Kaleb Ort,20061
Kam Mickolio,9513
Kameron Loe,4422
Kane Davis,872
Kanekoa Texeira,334
Karl Best,1000925
Karl Drews,1003499
Karl Kauffmann,27488
Karl Spooner,1012351
Kason Gabbard,3418
Kazuhiro Sasaki,1098
Kazuhisa Ishii,655
Kazuhisa Makita,19757
Kazuhito Tadano,1917
Kazuo Fukumori,3288
Keaton Winn,23499
Keefe Cato,1002084
Keegan Akin,19362
Keegan Thompson,19795
Kei Igawa,7794
Keider Montero,22630
Keiichi Yabu,8624
Keith Atherton,1000348
Keith Brown,1001534
Keith Butler,10080
Keith Comstock,1002491
Keith Creel,1002758
Keith Foulke,231
Keith Garagozzo,1004488
Keith Glauber,1004759
Keith Hessler,12220
Keith Macwhorter,1007937
Keith Osik,1001
Keith Shepherd,1011866
Kelly Downs,1003453
Kelly Wunsch,259
Kelvim Escobar,1298
Kelvin Caceres,24681
Kelvin Herrera,6033
Kelvin Jimenez,2902
Kelvin Marte,5200
Ken Brett,1001402
Ken Clay,1002328
Ken Cloude,1002362
Ken Crosby,1002801
Ken Dayley,1003097
Ken Dixon,1003331
Ken Edenfield,1003669
Ken Forsch,1004234
Ken Frailing,1004288
Ken Giles,12910
Ken Grundt,1005108
Ken Heintzelman,1005596
Ken Hill,1005827
Ken Holcombe,1005940
Ken Holtzman,1005989
Ken Howell,1006100
Ken Hunt,1006210
Ken Johnson,1006477
Ken Johnson,1006476
Ken Kravec,1007147
Ken Lehman,1007486
Ken Mackenzie,1007919
Ken McBride,1008344
Ken Patterson,1010067
Ken Raffensberger,1010646
Ken Ray,1986
Ken Reynolds,1010871
Ken Rowe,1011256
Ken Ryan,1011345
Ken Sanders,1011417
Ken Schrom,1011620
Ken Takahashi,5044
Ken Tatum,1012843
Ken Turner,1013230
Ken Vining,1013431
Ken Waldichuk,27681
Ken Wright,1014286
Kendall Graveman,15514
Kendry Flores,12118
Kendrys Morales,8610
Kenley Jansen,3096
Kenneth Roberts,10938
Kennie Steenstra,1012455
Kenny Greer,1005018
Kenny Robinson,1011074
Kenny Rogers,1277
Kenny Rosenberg,20009
Kenshin Kawakami,9225
Kent Bottenfield,1001226
Kent Emanuel,15849
Kent Mercker,439
Kent Peterson,1010234
Kent Tekulve,1012905
Kenta Maeda,18498
Keone Kela,14696
Kerry Lacy,1007242
Kerry Ligtenberg,100
Kerry Taylor,1012881
Kerry Wood,304
Kerry Woodson,1014240
Kervin Castro,21656
Keury Mella,15964
Kevin Appier,3
Kevin Barry,3460
Kevin Bearse,1000724
Kevin Beirne,638
Kevin Blankenship,1001050
Kevin Brown,1001535
Kevin Brown,642
Kevin Cameron,3523
Kevin Campbell,1001886
Kevin Cash,1593
Kevin Chapman,11240
Kevin Coffman,1002392
Kevin Correia,1767
Kevin Foster,1004251
Kevin Frederick,1536
Kevin Gausman,14107
Kevin Ginkel,19876
Kevin Gregg,1793
Kevin Gross,1005088
Kevin Gryboski,91
Kevin Hagen,1005197
Kevin Hart,8079
Kevin Herget,15369
Kevin Hickey,1005771
Kevin Hodges,1005885
Kevin Jarvis,1037
Kevin Jepsen,6475
Kevin Joseph,1160
Kevin Kelly,25679
Kevin King,1006933
Kevin Kobel,1007067
Kevin Lomon,1007723
Kevin McCarthy,15240
Kevin McGehee,1008514
Kevin McGlinchy,1008531
Kevin McGowan,15215
Kevin Millwood,106
Kevin Mmahat,1009018
Kevin Morton,1009234
Kevin Mulvey,6947
Kevin Newman,17696
Kevin Ohme,1687
Kevin Olsen,533
Kevin Pickford,1473
Kevin Pillar,12434
Kevin Plawecki,13807
Kevin Quackenbush,12360
Kevin Ritz,1010998
Kevin Rogers,1011135
Kevin Saucier,1011457
Kevin Seitzer,1011730
Kevin Shackelford,11012
Kevin Siegrist,8180
Kevin Slowey,9918
Kevin Stanfield,1012399
Kevin Tapani,1012824
Kevin Tolar,1009
Kevin Walker,1060
Kevin Whelan,3462
Kevin Wickander,1013915
Keynan Middleton,15264
Keyvius Sampson,10039
Kiko Calero,1676
Kim Seaman,1011702
Kip Gross,1005089
Kip Wells,1012
Kip Young,1014384
Kirby Higbe,1005782
Kirby Snead,19179
Kirby Yates,9073
Kirk Bullinger,552
Kirk Dressendorfer,1003493
Kirk McCarty,20555
Kirk McCaskill,1008382
Kirk Rueter,1128
Kirk Saarloos,1516
Kirt Ojala,1009755
Koda Glover,17695
Kodai Senga,31838
Kodi Whitley,19731
Kody Clemens,20572
Kody Funderburk,24993
Kohei Arihara,27505
Kohl Stewart,15502
Koji Uehara,9227
Kolby Allard,18694
Kolton Ingram,26068
Konner Wade,14655
Konnor Pilkington,21453
Korey Lee,25543
Kris Benson,982
Kris Bubic,21455
Kris Foster,1004252
Kris Johnson,886
Kris Keller,473
Kris Medlen,9417
Kris Wilson,636
Kumar Rocker,31843
Kurt Ainsworth,1431
Kurt Birkins,7266
Kurt Kepshire,1006859
Kurt Knudsen,1007064
Kurt Krieger,1007166
Kurt Miller,1008913
Kutter Crawford,20531
Kwang-hyun Kim,27458
Ky Bush,29823
Kyle Abbott,1000014
Kyle Backhus,29615
Kyle Barraclough,13713
Kyle Bird,16618
Kyle Bradish,24586
Kyle Cody,19686
Kyle Crick,13182
Kyle Crockett,15033
Kyle Davies,3642
Kyle Denney,7192
Kyle Dohy,20334
Kyle Dowdy,19285
Kyle Drabek,4359
Kyle Farmer,14813
Kyle Farnsworth,278
Kyle Finnegan,15009
Kyle Freeland,16256
Kyle Funkhouser,19456
Kyle Gibson,10123
Kyle Harrison,27758
Kyle Hart,19646
Kyle Hendricks,12049
Kyle Hurt,27514
Kyle Keller,18890
Kyle Kendrick,6230
Kyle Leahy,24763
Kyle Lloyd,15378
Kyle Lobstein,9178
Kyle Lohse,739
Kyle Martin,14860
Kyle McClellan,4845
Kyle McGowin,15071
Kyle McGrath,16793
Kyle McPherson,5009
Kyle Muller,20167
Kyle Nelson,20515
Kyle Nicolas,27775
Kyle Peterson,1010235
Kyle Ryan,11753
Kyle Snyder,1689
Kyle Tyler,22092
Kyle Waldrop,7513
Kyle Weiland,7874
Kyle Wright,19665
Kyle Zimmer,14169
Kyuji Fujikawa,14443
La Marr Hoyt,1006114
LaTroy Hawkins,729
Laddie Renfroe,1010830
Lafayette Currence,1002887
Lake Bachar,19222
Lance Broadway,9885
Lance Carter,1592
Lance Clemons,1002343
Lance Cormier,4346
Lance Davis,1003065
Lance Dickson,1003281
Lance Lynn,2520
Lance McCullers,1008436
Lance McCullers Jr.,14120
Lance Painter,1675
Lance Pendleton,4214
Lance Rautzhan,1010718
Landen Roupp,30076
Landon Knack,27487
Lane Ramsey,25071
Lane Thomas,16939
Lariel Gonzalez,1004840
Larry Andersen,1000236
Larry Anderson,1000235
Larry Bearnarth,1000723
Larry Biittner,1000962
Larry Bradford,1001300
Larry Burchart,1001659
Larry Carter,1002019
Larry Casian,1002045
Larry Christenson,1002215
Larry Colton,1002475
Larry Demery,1003192
Larry Dierker,1003288
Larry Foss,1004245
Larry Foster,1004253
Larry Gowell,1004905
Larry Gura,1005150
Larry Hardy,1005353
Larry Harlow,1005369
Larry Jackson,1006304
Larry Jansen,1006358
Larry Jaster,1006367
Larry Landreth,1007304
Larry Loughlin,1007770
Larry Luebbers,1007817
Larry Maxie,1008284
Larry McCall,1008358
Larry McWilliams,1008700
Larry Miller,1008914
Larry Mitchell,1009006
Larry Monroe,1009057
Larry Pashnick,1010041
Larry Rothschild,1011245
Larry Sherry,1011883
Larry Thomas,1012983
Larry White,1013884
Larry Yellen,1014337
Larry Yount,1014395
Lary Sorensen,1012279
Laurin Pepper,1010173
Layne Somsen,15301
Lazaro Estrada,24914
Lee Gardner,1448
Lee Gregory,1005025
Lee Gronkiewicz,3508
Lee Guetterman,1005122
Lee Hancock,1005295
Lee Smith,1012175
Lee Stange,1012400
Lee Tunnell,1013218
Lee Wheat,1013825
Lefty Hayden,1005522
Len Barker,1000546
Len Church,1002227
Len Matarazzo,1008231
Len Whitehouse,1013885
Len Yochim,1014348
Lendy Castillo,11562
Lenny DiNardo,1894
Lenny Harris,1394
Leo Cristante,1002778
Leo Estrella,277
Leo Kiely,1006895
Leo Marentette,1008104
Leo Rivas,21009
Leo Rosales,5618
Leon Everitt,1003873
Leon Hooten,1006004
Leon Roberts,1011040
Leonel Campos,12277
Leonys Martin,11846
Lerrin LaGrow,1007255
Les Cain,1001821
Les Lancaster,1007287
Les McCrabb,1008426
Les Rohr,1011148
Les Straker,1012593
Les Walrond,1735
Lesli Brea,1001372
Lester Oliveros,9167
Leury Garcia,5913
Levale Speigner,5717
Levi Stoudt,25650
Lew Burdette,1001662
Lew Krausse,1007146
Lewis Thorpe,15906
Leyson Septimo,341
Liam Hendriks,3548
Lindy McDaniel,1008441
Lino Donoso,1003392
Lino Urdaneta,1862
Lisalverto Bonilla,11266
Livan Hernandez,1116
Ljay Newsome,19942
Lloyd Allen,1000152
Lloyd Hittle,1005863
Lloyd Merritt,1008792
Locke St. John,16850
Logan Allen,27589
Logan Allen,18555
Logan Darnell,11261
Logan Davidson,25844
Logan Easley,1003634
Logan Evans,33699
Logan Forsythe,7185
Logan Gilbert,22250
Logan Gillaspie,22461
Logan Henderson,31475
Logan Kensing,6166
Logan Ondrusek,3677
Logan Porter,20626
Logan VanWey,31884
Logan Verrett,12905
Logan Webb,17995
Lorenzo Barcelo,1435
Lou Brissie,1001442
Lou Kretlow,1007161
Lou Marone,1008117
Lou Possehl,1010465
Lou Pote,30
Lou Sleater,1012065
Lou Trivino,15043
Louie Varland,27691
Louis Coleman,9720
Louis Head,13259
Lowell Palmer,1009974
Loyd Colson,1002474
Luarbert Arias,23811
Lucas Erceg,19360
Lucas Gilbreath,21290
Lucas Giolito,15474
Lucas Harrell,7541
Lucas Luetge,8337
Lucas Sims,13470
Luinder Avila,24452
Luis Aloma,1000175
Luis Andujar,1000267
Luis Aponte,1000280
Luis Aquino,1000285
Luis Arroyo,1000328
Luis Atilano,3802
Luis Avilan,2882
Luis Ayala,1650
Luis Castillo,15689
Luis Cessa,13345
Luis Contreras,25839
Luis Curvelo,24710
Luis DeLeon,1003169
Luis Encarnacion,1003774
Luis Escobar,17345
Luis F. Castillo,20638
Luis F. Ortiz,16942
Luis Frias,21997
Luis Garcia,6984
Luis Garcia,23735
Luis Gil,21052
Luis Gomez,1004823
Luis Gonzalez,20332
Luis Guerrero,31184
Luis Guillorme,16451
Luis L. Ortiz,27646
Luis Leal,1007431
Luis Madero,20399
Luis Marte,8651
Luis Martinez,1823
Luis Medina,21649
Luis Mendoza,3126
Luis Mey,25620
Luis Morales,32227
Luis Oviedo,21728
Luis Patino,22815
Luis Peralta,24203
Luis Peraza,1010175
Luis Perdomo,5380
Luis Perdomo,14682
Luis Perez,6389
Luis Pineda,346
Luis Quintana,1010617
Luis Rivera,1011004
Luis Salazar,1011378
Luis Sanchez,1011408
Luis Santos,15006
Luis Sardinas,13153
Luis Severino,15890
Luis Tiant,1013054
Luis Torrens,15905
Luis Vazquez,23442
Luis Vizcaino,714
Luis de los Santos,1203
Luiz Gohara,15166
Luke Bard,14288
Luke Barker,19609
Luke Farrell,15101
Luke French,7529
Luke Gregerson,4090
Luke Hochevar,6943
Luke Hudson,1542
Luke Jackson,11752
Luke Little,28036
Luke Maile,13355
Luke Prokopec,1320
Luke Putkonen,6736
Luke Raley,19354
Luke Walker,1013525
Luke Weaver,16918
Luke Williams,19931
Luther Hackman,1155
Lyle Overbay,1617
Lynn Lovenguth,1007774
Lynn McGlothen,1008534
Lyon Richardson,24581
Mac Scarce,1011498
Mac Sceroler,22218
Mac Suzuki,1485
MacKenzie Gore,22201
Macay McBride,3475
Madison Bumgarner,5524
Madison Younginer,10636
Maikel Cleto,5529
Mal Mallette,1008022
Manny Acosta,8725
Manny Alexander,1954
Manny Aybar,1107
Manny Banuelos,5365
Manny Barreda,10148
Manny Castillo,1002065
Manny Corpas,2807
Manny Delcarmen,3180
Manny Hernandez,1005708
Manny Montejo,1009066
Manny Muniz,1009322
Manny Parra,4279
Manny Sarmiento,1011450
Manny Seoane,1011749
Manuel Barrios,1000605
Manuel Rodriguez,20794
Marc Church,26353
Marc Gwyn,3116
Marc Kroon,1964
Marc Pisciotta,1010369
Marc Rzepczynski,6612
Marc Valdes,1013313
Marc Wilkins,1013959
Marcel Lachemann,1007234
Marcelino Lopez,1007757
Marcelino Solis,1012267
Marco Estrada,1118
Marco Gonzales,15467
Marcos Carvajal,3216
Marcos Diplan,17583
Marcos Mateo,6869
Marcus Hatley,4002
Marcus Jones,1006575
Marcus McBeth,3874
Marcus Moore,1009121
Marcus Stroman,13431
Marcus Walden,8004
Mardie Cornejo,1002633
Mariano Rivera,844
Marino Pieretti,1010334
Marino Salas,2432
Marino Santana,1011439
Mario Hollands,10504
Mario Mendoza,1008760
Mario Picone,1010321
Mario Ramos,1272
Mario Soto,1012289
Marion Fricano,1004348
Mark Acre,1000037
Mark Appel,14823
Mark Ballinger,1000494
Mark Bomback,1001156
Mark Brandenburg,1001350
Mark Brown,1001542
Mark Brownson,1001544
Mark Buehrle,225
Mark Calvert,1001853
Mark Ciardi,1002232
Mark Clark,1002296
Mark Clear,1002330
Mark Corey,870
Mark Davis,1003067
Mark Dempsey,1003202
Mark Dewey,1003257
Mark DiFelice,2468
Mark Eichhorn,1003712
Mark Esser,1003834
Mark Ettles,1003849
Mark Fidrych,1004023
Mark Freeman,1004325
Mark Gardner,1004529
Mark Grace,56
Mark Grant,1004951
Mark Grater,1004959
Mark Gubicza,1005115
Mark Guthrie,876
Mark Hamburger,5329
Mark Hendrickson,1574
Mark Holzemer,1005990
Mark Huismann,1006171
Mark Hutton,1006245
Mark J. Johnson,1006485
Mark Kiefer,1006892
Mark Knudson,1007065
Mark Langston,1007323
Mark Lee,1007461
Mark Lee,1007459
Mark Leiter,1007501
Mark Leiter Jr.,15551
Mark Lemongello,1007521
Mark Littell,1007657
Mark Loretta,1383
Mark Lowe,7416
Mark Lukasiewicz,21
Mark Malaska,1769
Mark McLemore,4655
Mark Melancon,4264
Mark Mercer,1008777
Mark Mulder,932
Mark Petkovsek,1010242
Mark Portugal,1010460
Mark Prior,301
Mark Redman,491
Mark Reynolds,7619
Mark Rogers,4083
Mark Ross,1011233
Mark Schaeffer,1011509
Mark Small,1012076
Mark Smith,1012178
Mark Souza,1012294
Mark Thompson,1013019
Mark Thurmond,1013052
Mark Wagner,1013488
Mark Watson,1526
Mark Whiten,1013886
Mark Wiley,1013942
Mark Williamson,1014022
Mark Wohlers,414
Mark Woodyard,3094
Mark Worrell,8045
Marlin Stuart,1012642
Marshall Boze,1001292
Marshall Bridges,1001419
Marshall Renfroe,1010831
Martin Maldonado,6887
Martin Perez,6902
Marty Bystrom,1001802
Marty Clary,1002321
Marty Decker,1003128
Marty Janzen,1006362
Marty Kutyna,1007224
Marty Martinez,1008181
Marty McLeary,2022
Marty Pattin,1010074
Marv Grissom,1005074
Marv Rotblatt,1011237
Marvin Freeman,1004326
Marwin Gonzalez,5497
Masa Kobayashi,3276
Masahiro Tanaka,15764
Masanori Murakami,1009336
Masao Kida,1800
Masato Yoshii,807
Mason Barnett,31741
Mason Black,30171
Mason Englert,22288
Mason Fluharty,31553
Mason Miller,31757
Mason Montgomery,29770
Mason Thompson,21850
Mason Tobin,2534
Masumi Kuwata,7782
Mat Latos,3815
Matt Albers,4300
Matt Anderson,459
Matt Andriese,12022
Matt Barnes,12863
Matt Beaty,17710
Matt Beech,1000770
Matt Belisle,1837
Matt Blank,1001053
Matt Bowman,13528
Matt Brash,25756
Matt Buschmann,3832
Matt Bush,1246
Matt Cain,4732
Matt Capps,4788
Matt Carasiti,13276
Matt Carpenter,8090
Matt Chico,6068
Matt Childers,1563
Matt Clement,271
Matt Daley,7952
Matt Davidson,7226
Matt DeSalvo,5439
Matt DeWitt,1028
Matt Dermody,14844
Matt Duff,1565
Matt Duffy,13836
Matt Dunbar,1003550
Matt Festa,19330
Matt Ford,1674
Matt Foster,19647
Matt Fox,7320
Matt Franco,1499
Matt Gage,17381
Matt Garza,3340
Matt Ginter,233
Matt Grace,11449
Matt Grott,1005097
Matt Guerrier,2061
Matt Hall,18076
Matt Harrison,5551
Matt Harvey,11713
Matt Hensley,1924
Matt Herges,780
Matt Karchner,1006697
Matt Keough,1006858
Matt Kinney,737
Matt Kinzer,1006953
Matt Koch,13420
Matt Krook,19315
Matt Langwell,8130
Matt Lindstrom,4604
Matt Magill,3950
Matt Maloney,9920
Matt Manning,20369
Matt Mantei,64
Matt Marksberry,15089
Matt Maysey,1008314
Matt Mervis,27845
Matt Miller,479
Matt Miller,1754
Matt Moore,1890
Matt Morris,1172
Matt Murray,1009393
Matt Palmer,4457
Matt Peacock,20339
Matt Perisho,1423
Matt Purke,12831
Matt Ramsey,14460
Matt Reynolds,13788
Matt Reynolds,8887
Matt Riley,164
Matt Roney,1670
Matt Ruebel,1011289
Matt Sauer,22284
Matt Shoemaker,4776
Matt Skrmetta,1012044
Matt Smith,3053
Matt Stites,12165
Matt Strahm,13799
Matt Svanson,29629
Matt Swarmer,19705
Matt Thornton,1918
Matt Turner,1013231
Matt Wagner,1013489
Matt Waldron,25550
Matt Wallner,26466
Matt West,7980
Matt Whisenant,1013843
Matt White,1720
Matt Whiteside,1956
Matt Williams,1014021
Matt Williams,1014023
Matt Wise,42
Matt Wisler,12804
Matt Wotherspoon,16452
Matt Young,1014385
Matthew Batten,20157
Matthew Boyd,15440
Matthew Liberatore,22294
Matthew Tracy,12240
Matty Alou,1000179
Maurice Fisher,1004093
Mauricio Cabrera,12975
Mauricio Llovera,20080
Mauricio Robles,8895
Mauro Gozzo,1004906
Mauro Zarate,3621
Max Castillo,21956
Max Fried,13743
Max Kranick,22175
Max Lanier,1007325
Max Lazar,23426
Max Leon,1007542
Max Meyer,27474
Max Povse,16165
Max Scherzer,3137
Max Schrock,17750
Max Stassi,10059
Max Surkont,1012729
Mayckol Guaipe,11663
McCade Brown,30004
McKinley Moore,25663
Mel Behney,1000783
Mel Held,1005608
Mel Nelson,1009506
Mel Parnell,1010017
Mel Queen,1010591
Mel Queen,1010592
Mel Rojas,1011153
Mel Stottlemyre,1012579
Mel Stottlemyre,1012580
Mel Wright,1014288
Melido Perez,1010183
Melvin Bunch,1001651
Melvin Mercedes,10181
Memo Luna,1007833
Merandy Gonzalez,17313
Merkin Valdez,7019
Merlin Nippert,1009603
Merrill Kelly,11156
Micah Bowie,1561
Micah Owings,4253
Michael A. Taylor,11489
Michael Blazek,9654
Michael Bowden,4440
Michael Brady,8461
Michael Cuddyer,1534
Michael Darrell-Hicks,31501
Michael Feliz,11903
Michael Fulmer,13218
Michael Gonzalez,1794
Michael Grove,23221
Michael Kelly,12791
Michael King,19853
Michael Kirkman,9877
Michael Kohn,8505
Michael Kopech,17282
Michael Lorenzen,14843
Michael Mariot,10835
Michael Martinez,7358
Michael McGreevy,29869
Michael Mercado,23223
Michael Petersen,20827
Michael Pineda,5372
Michael Plassmeyer,23191
Michael Roth,13736
Michael Rucker,19454
Michael Schwimer,8103
Michael Shawaryn,19495
Michael Soroka,18383
Michael Stefanic,25353
Michael Stutes,6550
Michael Tejera,542
Michael Tonkin,10315
Michael Wacha,14078
Michael Wuertz,1856
Michael Ynoa,14093
Michel Baez,20100
Michel Otanez,22533
Mick Abel,27756
Mickey Callaway,7
Mickey Haefner,1005189
Mickey Harris,1005424
Mickey Hatcher,1005488
Mickey Jannis,11071
Mickey Lolich,1007712
Mickey Mahler,1007987
Mickey McDermott,1008448
Mickey Scott,1011690
Mickey Storey,4721
Mickey Weston,1013811
Miguel Aguilar,19246
Miguel Almonte,14139
Miguel Asencio,586
Miguel Batista,46
Miguel Castro,15684
Miguel Del Pozo,18792
Miguel Diaz,18815
Miguel Fuentes,1004383
Miguel Garcia,1004506
Miguel Gonzalez,7024
Miguel Gonzalez,15675
Miguel Jimenez,1006414
Miguel Montero,3364
Miguel Puente,1010559
Miguel Rojas,7802
Miguel Sanchez,20074
Miguel Sano,12164
Miguel Socolovich,6697
Miguel Yajure,21111
Miguel del Toro,1003184
Mike Adams,1937
Mike Adamson,1000058
Mike Aldrete,1000114
Mike Anderson,1000238
Mike Anderson,1000237
Mike Armstrong,1000314
Mike Bacsik,863
Mike Bacsik,1000402
Mike Barlow,1000553
Mike Baumann,20206
Mike Beard,1000718
Mike Benjamin,981
Mike Bertotti,1000916
Mike Bielecki,1000951
Mike Birkbeck,1000981
Mike Blyzka,1001099
Mike Boddicker,1001111
Mike Bolsinger,11137
Mike Bovee,1001242
Mike Broadway,9894
Mike Brosseau,19683
Mike Brown,1001545
Mike Bruhert,1001581
Mike Buddie,678
Mike Burns,2932
Mike Burrows,24728
Mike Busby,1001743
Mike Butcher,1001764
Mike Bynum,1022
Mike Caldwell,1001830
Mike Campbell,1001887
Mike Capel,1001925
Mike Carp,7480
Mike Cather,1002082
Mike Chris,1002219
Mike Christopher,1002220
Mike Clark,1002298
Mike Clevinger,12808
Mike Cook,1002573
Mike Corkins,1002630
Mike Cosgrove,1002651
Mike Couchee,1002667
Mike Crotta,9337
Mike Crudale,1148
Mike Cuellar,1002853
Mike Dalton,1002952
Mike Darr,1002992
Mike Davey,1003020
Mike Davison,1003069
Mike DeJean,682
Mike Degerick,1003142
Mike Draper,1003484
Mike Dunn,9948
Mike Dunne,1003570
Mike Dupree,1003581
Mike Duvall,1003603
Mike Dyer,1003615
Mike Ekstrom,7488
Mike Esposito,4986
Mike Farmer,1003938
Mike Fetters,988
Mike Fiers,7754
Mike Flanagan,1004133
Mike Foltynewicz,10811
Mike Ford,15585
Mike Fornieles,1004232
Mike Freeman,11241
Mike Fyhrie,1447
Mike Gallo,1759
Mike Garcia,1004505
Mike Garcia,1004507
Mike Gardiner,1004516
Mike Garman,1004539
Mike Gosling,2204
Mike Grace,1004915
Mike Griffin,1005048
Mike Grzanich,1005111
Mike Hampton,430
Mike Harkey,1005363
Mike Hartley,1005451
Mike Hauschild,14033
Mike Heathcott,1005565
Mike Hedlund,1005575
Mike Henneman,1005656
Mike Hinckley,3769
Mike Holtz,920
Mike Ignasiak,1006254
Mike Jackson,732
Mike Jackson,1006306
Mike James,1453
Mike Jeffcoat,1006378
Mike Jerzembeck,1006401
Mike Johnson,1006486
Mike Johnson,1006487
Mike Johnston,1868
Mike Jones,1006577
Mike Joyce,1006636
Mike Judd,1006639
Mike Jurewicz,1006652
Mike Kekich,1006764
Mike Kickham,11618
Mike Kilkenny,1006901
Mike Kinnunen,1006948
Mike Koplove,63
Mike Krukow,1007185
Mike Kume,1007209
Mike LaCoss,1007240
Mike Leake,10130
Mike Lee,1007462
Mike Lincoln,1457
Mike Loynd,1007798
Mike MacDougal,612
Mike Madden,1007944
Mike Maddux,1007951
Mike Magnante,929
Mike Maroth,1508
Mike Marshall,1008144
Mike Mason,1008221
Mike Matthews,1170
Mike Mayers,15451
Mike McClendon,9587
Mike McCormick,1008420
Mike McCoy,4583
Mike McQueen,1008680
Mike Mendoza,1008762
Mike Milchin,1008859
Mike Mimbs,1008970
Mike Minor,10021
Mike Misuraca,1008993
Mike Mohler,1009033
Mike Montgomery,4869
Mike Moore,1009122
Mike Morgan,67
Mike Morin,13442
Mike Munoz,1009328
Mike Mussina,837
Mike Myers,68
Mike Nagy,1009439
Mike Nakamura,1734
Mike Neu,1685
Mike Norris,1009637
Mike O'Connor,6457
Mike Oquist,1009828
Mike Overy,1009912
Mike Parisi,8070
Mike Parrott,1010024
Mike Paul,1010082
Mike Paxton,1010091
Mike Payne,1010095
Mike Pazik,1010097
Mike Pelfrey,5203
Mike Perez,1010184
Mike Porzio,252
Mike Potts,1010476
Mike Proly,1010545
Mike Raczka,1010629
Mike Remlinger,111
Mike Rochford,1011090
Mike Roesler,1011123
Mike Romano,1011167
Mike Rowland,1011261
Mike Saipe,1011374
Mike Schooler,1011605
Mike Schultz,7057
Mike Schwabe,1011659
Mike Scott,1011691
Mike Sirotka,1012015
Mike Smith,1479
Mike Smith,1012182
Mike Smith,1012183
Mike Smithson,1012181
Mike Squires,1012371
Mike Stanton,1012421
Mike Stanton,849
Mike Strahler,1012591
Mike Tauchman,15274
Mike Thomas,1012987
Mike Thompson,2735
Mike Thompson,1013020
Mike Thurman,852
Mike Timlin,1187
Mike Torrez,1013134
Mike Trombley,758
Mike Trujillo,1013205
Mike Vasil,30105
Mike Venafro,943
Mike Walker,1013527
Mike Walker,1013528
Mike Wallace,1013553
Mike Walters,1013589
Mike Warren,1013641
Mike Wegener,1013726
Mike Welch,1013759
Mike Williams,1014
Mike Willis,1014024
Mike Witt,1014174
Mike Wood,1806
Mike Wright Jr.,12586
Mike Yastrzemski,14854
Mike York,1014353
Mike Zagurski,9683
Miles Mastrobuoni,20017
Miles Mikolas,9803
Milo Candini,1001910
Milt Hill,1005831
Milt Jordan,1006612
Milt Pappas,1009989
Milt Wilcox,1013939
Minnie Rojas,1011154
Mitch Atkins,8369
Mitch Farris,33628
Mitch Garver,15161
Mitch Keller,17594
Mitch Maier,5588
Mitch Moreland,3086
Mitch Spence,27707
Mitch Stetter,5579
Mitch Talbot,4961
Mitch White,19225
Mitch Williams,1014025
Mitchell Boggs,3344
Mitchell Harris,4530
Mitchell Parker,27636
Mo Sanford,1011433
Moe Burtschy,1001738
Moe Drabowsky,1003474
Moe Savransky,1011474
Monk Dubiel,1003517
Montana DuRapau,16768
Monte Kennedy,1006846
Monty Montgomery,1009072
Moose Haas,1005172
Morrie Martin,1008184
Morrie Steevens,1012458
Morris Madden,1007945
Mudcat Grant,1004952
Murphy Smith,9812
Murray Wall,1013562
Murry Dickson,1003282
Mychal Givens,10430
Myles Jaye,11769
Nabil Crismatt,17732
Naoyuki Uwasawa,33828
Narciso Elvira,1003760
Nardi Contreras,1002548
Nash Walters,25413
Nate Adcock,3282
Nate Bland,1700
Nate Bump,1755
Nate Cornejo,462
Nate Eaton,25055
Nate Field,599
Nate Fisher,25512
Nate Jones,4696
Nate Minchey,1008975
Nate Pearson,20160
Nate Robertson,1620
Nate Snell,1012228
Nate Teut,1487
Nathan Eovaldi,9132
Nathan Karns,12638
Nathan Wiles,25474
Neal Cotts,1797
Neal Heaton,1005568
Neal Musser,2727
Ned Garver,1004556
Nefi Ogando,12253
Neftali Feliz,18
Neil Allen,1000154
Neil Ramirez,7677
Neil Wagner,8162
Neil Walker,7539
Neil Weber,1013717
Nellie King,1006941
Nelson Briles,1001432
Nelson Chittum,1002200
Nelson Cruz,554
Nelson Figueroa,683
Nerio Rodriguez,403
Nestor Chavez,1002169
Nestor Cortes,17874
Nic Enright,25553
Nicholas Padilla,21327
Nick Adenhart,6879
Nick Allgeyer,24486
Nick Anderson,18337
Nick Avila,25667
Nick Bierbrodt,1194
Nick Blackburn,4270
Nick Burdi,16074
Nick Christiani,10332
Nick Duron,21092
Nick Franklin,10166
Nick Gardewine,16513
Nick Goody,13685
Nick Gordon,16337
Nick Green,1502
Nick Greenwood,8182
Nick Hagadone,1351
Nick Hernandez,19281
Nick Kingham,11694
Nick Lodolo,26378
Nick Loftin,27630
Nick Margevicius,20395
Nick Maronde,12530
Nick Martinez,12730
Nick Martini,12005
Nick Masset,7267
Nick Maton,21635
Nick Mears,25376
Nick Nastrini,29833
Nick Neidert,18699
Nick Nelson,20153
Nick Neugebauer,698
Nick Pivetta,15454
Nick Pratto,22117
Nick Ramirez,12575
Nick Raquet,20333
Nick Regilio,2226
Nick Robertson,26226
Nick Rumbelow,14867
Nick Sandlin,20517
Nick Swisher,4599
Nick Tepesch,11716
Nick Tropeano,12385
Nick Vespi,21093
Nick Vincent,7555
Nick Willhite,1013967
Nick Wittgren,15594
Nicklaus Snyder,23493
Nicky Lopez,19339
Nik Turley,5530
Niko Kavadas,29782
Niles Jordan,1006613
Nino Espinosa,1003830
Nivaldo Rodriguez,22449
Noah Cameron,30184
Noah Davis,25862
Noah Lowry,1833
Noah Murdock,27908
Noah Syndergaard,11762
Noe Ramirez,12800
Nolan Hoffman,23381
Nolan McLean,33703
Nolan Ryan,1011348
Norge Ruiz,19580
Nori Aoki,13075
Norm Angelini,1000268
Norm Bass,1000647
Norm Charlton,1002160
Norm McRae,1008688
Normie Roy,1011269
Octavio Dotel,555
Odalis Perez,668
Odell Jones,1006579
Odrisamer Despaigne,16017
Oil Can Boyd,1001279
Oliver Drake,8823
Oliver Ortega,21025
Oliver Perez,1514
Omar Beltre,10259
Omar Cruz,23875
Omar Daal,646
Omar Olivares,1009771
Onan Masaoka,1008209
Onelki Garcia,13674
Orber Moreno,617
Orel Hershiser,1005741
Orion Kerkering,31776
Orlando Arcia,13185
Orlando Hernandez,823
Orlando Pena,1010150
Orlando Ribalta,26247
Oscar Henriquez,1540
Oscar Munoz,1009330
Oscar Villarreal,1654
Oscar Zamora,1014416
Osiris Matos,4100
Osmer Morales,17133
Osvaldo Bido,23150
Osvaldo Fernandez,1004000
Oswald Peraza,22823
Oswaldo Cabrera,21707
Oswaldo Mairena,528
Oswaldo Peraza,1010176
Owen Miller,24655
Owen White,22273
Ozzie Osborn,1009870
Ozzie Van Brabant,1013338
P.J. Conlon,18213
P.J. Walters,9557
PJ Poulin,23394
Pablo Lopez,17085
Pablo Reyes,16357
Pablo Sandoval,5409
Pablo Torrealba,1013135
Packy Naughton,23292
Paco Rodriguez,13398
Paolo Espino,8246
Parker Bridwell,11502
Parker Dunshee,20018
Parker Markel,12106
Parker Messick,31986
Parker Mushinski,21324
Pascual Perez,1010185
Pasqual Coco,1294
Pat Ahearne,1000089
Pat Clements,1002339
Pat Combs,1002480
Pat Daneker,1002964
Pat Darcy,1002984
Pat Dean,11350
Pat Dobson,1003345
Pat Gomez,1004824
Pat Hentgen,145
Pat House,1006062
Pat Jacquez,1006331
Pat Jarvis,1006363
Pat Larkin,1007349
Pat Light,13427
Pat Mahomes,291
Pat McCoy,6605
Pat McGlothin,1008535
Pat Misch,5909
Pat Neshek,4682
Pat Osburn,1009873
Pat Pacillo,1009935
Pat Perry,1010215
Pat Rapp,1010700
Pat Rice,1010899
Pat Scantlebury,1011495
Pat Strange,896
Pat Underwood,1013280
Pat Valaika,14885
Pat Venditte,7108
Pat Zachry,1014407
Patrick Corbin,9323
Patrick Monteverde,29564
Patrick Murphy,19712
Patrick Sandoval,19447
Patrick Schuster,10029
Patrick Weigel,17792
Patrick Wisdom,13602
Paul Abbott,1061
Paul Assenmacher,1000344
Paul Blackburn,14739
Paul Boris,1001202
Paul Brown,1001553
Paul Byrd,594
Paul Calvert,1001854
Paul Campbell,22248
Paul Clemens,8037
Paul Doyle,1003468
Paul Edmondson,1003680
Paul Fletcher,1004153
Paul Foytack,1004287
Paul Fry,15832
Paul Gervase,31571
Paul Gibson,1004671
Paul Giel,1004681
Paul Gilliford,1004725
Paul Hartzell,1005467
Paul Hinrichs,1005848
Paul Janish,7412
Paul Kilgus,1006899
Paul LaPalme,1007335
Paul Lindblad,1007614
Paul Maholm,8678
Paul Marak,1008097
Paul Martin,1008187
Paul McClellan,1008395
Paul Menhart,1008765
Paul Miller,1008921
Paul Minner,1008980
Paul Mirabella,1008989
Paul Mitchell,1009009
Paul Moskau,1009245
Paul O'Neill,1009818
Paul Penson,1010164
Paul Pettit,1010254
Paul Quantrill,669
Paul Reuschel,1010851
Paul Rigdon,1010955
Paul Sewald,13892
Paul Shuey,406
Paul Siebert,1011950
Paul Skenes,33677
Paul Splittorff,1012346
Paul Spoljaric,1012349
Paul Stuffel,1012647
Paul Swingle,1012794
Paul Thormodsgard,1013036
Paul Toth,1013140
Paul Wagner,1013490
Paul Wilmet,1014055
Paul Wilson,1234
Pavin Smith,19892
Paxton Crawford,1002747
Paxton Schultz,25501
Payton Tolle,35466
Pedro Araujo,17697
Pedro Astacio,862
Pedro Avila,18864
Pedro Baez,5420
Pedro Beato,1330
Pedro Borbon,1001195
Pedro Borbon,1289
Pedro Feliciano,1601
Pedro Figueroa,6616
Pedro Florimon,8385
Pedro Hernandez,4578
Pedro Liriano,2119
Pedro Martinez,200
Pedro Martinez,1008190
Pedro Payano,18313
Pedro Ramos,1010681
Pedro Strop,4070
Pedro Villarreal,9904
Pedro Viola,5971
Penn Murfee,25174
Pep Harris,1005427
Perci Garner,10887
Pete Broberg,1001454
Pete Burnside,1001718
Pete Charton,1002162
Pete Cimino,1002240
Pete Craig,1002722
Pete Fairbanks,17998
Pete Falcone,1003910
Pete Filson,1004046
Pete Hamm,1005284
Pete Harnisch,1005374
Pete Ladd,1007245
Pete Lovrich,1007782
Pete Magrini,1007975
Pete Mikkelsen,1008852
Pete Munro,1546
Pete Redfern,1010751
Pete Richert,1010922
Pete Schourek,1011608
Pete Smith,1012191
Pete Smith,1012190
Pete Taylor,1012884
Pete Vuckovich,1013461
Pete Walker,1325
Pete Wojey,1014182
Pete Young,1014388
Peter Hoy,1006113
Peter Lambert,17969
Peter Moylan,4891
Peter Solomon,20476
Peter Strzelecki,21367
Peyton Battenfield,25777
Phil Barzilla,3486
Phil Bickford,18519
Phil Clark,1002302
Phil Coke,5535
Phil Dumatrait,8598
Phil Gosselin,10953
Phil Haugstad,1005500
Phil Hennigan,1005658
Phil Huffman,1006146
Phil Hughes,7450
Phil Irwin,9489
Phil Klein,12675
Phil Leftwich,1007479
Phil Marchildon,1008102
Phil Maton,18064
Phil Meeler,1008726
Phil Mudrock,1009276
Phil Niekro,1009583
Phil Norton,1714
Phil Ortega,1009855
Phil Paine,1009963
Phil Regan,1010785
Phil Seibel,1905
Phil Stidham,1012531
Phil Stockman,2206
Philip Abner,33821
Philip Humber,8586
Philip Nastu,1009460
Phillip Diehl,20030
Phillip Ervin,14738
Phillip Evans,12950
Phillippe Aumont,5362
Phillips Valdez,15605
Phoenix Sanders,20541
Pierce Johnson,13435
Pierson Ohl,30179
Porfi Altamirano,1000185
Porter Hodge,26413
Preacher Roe,1011122
Prelander Berroa,22932
Preston Claiborne,10500
Preston Guilmet,7303
Preston Hanna,1005318
Quinn Priester,25977
R.A. Dickey,1245
R.J. Alaniz,10819
R.J. Alvarez,13401
R.J. Swindle,539
Radhames Dykhoff,1003618
Radhames Liz,5843
Rafael Betancourt,177
Rafael Carmona,1001971
Rafael Dolis,4185
Rafael Martin,10258
Rafael Medina,1008716
Rafael Montalvo,1009061
Rafael Montero,12760
Rafael Novoa,1009654
Rafael Perez,4078
Rafael Quirico,1010619
Rafael Rodriguez,6417
Rafael Roque,1011191
Rafael Soriano,1100
Rafael Valdez,1013316
Rafael Vasquez,1013375
Raisel Iglesias,17130
Ralph Beard,1000720
Ralph Botting,1001227
Ralph Branca,1001343
Ralph Brickner,1001417
Ralph Citarella,1002248
Ralph Garcia,1004510
Ralph Garza,17682
Ralph Lumenti,1007829
Ralph Mauriello,1008279
Ralph Terry,1012929
Ramiro Mendoza,836
Ramon Fermin,1003992
Ramon Garcia,1004511
Ramon Hernandez,1005710
Ramon Lopez,1007758
Ramon Manon,1008075
Ramon Martinez,1008193
Ramon Monzant,1009077
Ramon Morel,1009162
Ramon Ortiz,27
Ramon Pena,1010151
Ramon Ramirez,2899
Ramon Ramirez,7986
Ramon Romero,1011172
Ramon Rosso,20368
Ramon Tatis,1012840
Ramon Troncoso,4685
Ramon de los Santos,1003181
Randal Grichuk,10243
Randall Delgado,5985
Randor Bierd,5555
Randy Bockus,1001110
Randy Choate,813
Randy Dobnak,23798
Randy Flores,1446
Randy Gumpert,1005143
Randy Hennis,1005659
Randy Johnson,60
Randy Jones,1006582
Randy Keisler,830
Randy Kramer,1007138
Randy Lerch,1007551
Randy Martz,1008207
Randy McCament,1008360
Randy McGilberry,1008521
Randy Messenger,2658
Randy Miller,1008926
Randy Moffitt,1009027
Randy Myers,1009427
Randy Niemann,1009589
Randy Nosek,1009649
Randy O'Neal,1009802
Randy Rodriguez,23974
Randy Rosario,14508
Randy Scarbery,1011497
Randy St. Claire,1012443
Randy Stein,1012471
Randy Sterling,1012504
Randy Tate,1012838
Randy Tomlin,1013111
Randy Vasquez,24719
Randy Veres,1013412
Randy Wells,4535
Randy Wiles,1013940
Randy Williams,2362
Randy Wolf,976
Randy Wynne,25804
Ranger Suarez,17277
Raudel Lazo,14077
Raul Alcantara,12790
Raul Sanchez,1011410
Raul Valdes,1953
Ravelo Manzanillo,1008092
Rawly Eastwick,1003648
Ray Bare,1000536
Ray Black,14244
Ray Blemker,1001069
Ray Burris,1001729
Ray Chadwick,1002111
Ray Corbin,1002614
Ray Crone,1002791
Ray Culp,1002869
Ray Daviault,1003021
Ray Fontenot,1004207
Ray Hayward,1005535
Ray Herbert,1005684
Ray Jarvis,1006364
Ray Kerr,23809
Ray King,693
Ray Krawczyk,1007149
Ray Lamb,1007278
Ray Moore,1009125
Ray Narleski,1009452
Ray Newman,1009544
Ray Peters,1010236
Ray Rippelmeyer,1010981
Ray Sadecki,1011360
Ray Scarborough,1011496
Ray Searage,1011703
Ray Semproch,1011744
Ray Soff,1012263
Ray Washburn,1013652
Raymond Burgos,22370
Raynel Espinal,19516
Razor Shines,1011901
Red Hardy,1005354
Red Munger,1009320
Red Murff,1009342
Red Patterson,10710
Red Swanson,1012762
Reed Garrett,16866
Reese McGuire,15674
Reese Olson,24968
Reggie Cleveland,1002347
Reggie Harris,1005428
Reggie McClain,19311
Reggie Patterson,1010070
Reggie Ritter,1010994
Reid Cornelius,1002634
Reid Detmers,27468
Reiss Knehr,21541
Reiver Sanmartin,19754
Rene Arocha,1000325
Rene Gonzales,1004844
Rene Pinto,19859
Rene Valdez,1013317
Renie Martin,1008194
Renyel Pinto,2180
Rex Barney,1000571
Rex Brothers,9794
Rex Hudson,1006140
Reyes Moronta,14966
Reymin Guduan,13058
Reynaldo Garcia,1557
Reynaldo Lopez,16400
Rheal Cormier,952
Rhett Lowder,33876
Rhiner Cruz,711
Ribs Raney,1010696
Ricardo Jordan,1006616
Ricardo Pinto,16318
Ricardo Rincon,401
Ricardo Rodriguez,15458
Ricardo Rodriguez,1585
Ricardo Sanchez,17581
Rich Barnes,1000572
Rich Batchelor,1000652
Rich Beck,1000757
Rich Bordi,1001199
Rich Croushore,1002819
Rich DeLucia,1003185
Rich Folkers,1004203
Rich Gale,1004444
Rich Garces,189
Rich Gossage,1004894
Rich Hand,1005301
Rich Harden,1772
Rich Hill,4806
Rich Hinton,1005854
Rich Hunter,1006206
Rich Loiselle,1007711
Rich Monteleone,1009068
Rich Nye,1009667
Rich Robertson,1011045
Rich Robertson,1011044
Rich Rodas,1011094
Rich Rodriguez,1276
Rich Rundles,2760
Rich Sauveur,1011465
Rich Scheid,1011542
Rich Thompson,6422
Rich Thompson,1013022
Rich Troedson,1013189
Rich Wortham,1014264
Rich Yett,1014342
Richard Bleier,7803
Richard Dotson,1003424
Richard Fitts,30160
Richard Lovelady,19337
Richard Rodriguez,13549
Richard Urena,16411
Richie Barker,1000548
Richie Lewis,1007587
Richie Moloney,1009043
Rick Aguilera,1000086
Rick Anderson,1000240
Rick Anderson,1000241
Rick Ankiel,1142
Rick Austin,1000374
Rick Baldwin,1000487
Rick Bauer,125
Rick Behenna,1000782
Rick Camp,1001901
Rick Cerone,1002105
Rick DeHart,1723
Rick Dempsey,1003203
Rick Engle,1003782
Rick Gorecki,1004878
Rick Grapenthin,1004954
Rick Greene,1005010
Rick Heiserman,1005602
Rick Helling,58
Rick Henninger,1005660
Rick Honeycutt,1005992
Rick Huisman,1006172
Rick James,1006353
Rick Jones,1006584
Rick Kester,1006880
Rick Kreuger,1007162
Rick Krivda,1007168
Rick Langford,1007319
Rick Leach,1007426
Rick Luecken,1007821
Rick Lysander,1007890
Rick Mahler,1007988
Rick Matula,1008268
Rick Ownbey,1009926
Rick Porcello,2717
Rick Reed,750
Rick Reuschel,1010852
Rick Rhoden,1010887
Rick Rodriguez,1011110
Rick Sawyer,1011477
Rick Steirer,1012474
Rick Surhoff,1012728
Rick Sutcliffe,1012734
Rick VandenHurk,5099
Rick Waits,1013494
Rick White,456
Rick Williams,1014035
Rick Wise,1014155
Rickey Clark,1002304
Rickey Keeton,1006759
Ricky Bones,1001161
Ricky Bottalico,948
Ricky Horton,1006036
Ricky Karcher,23449
Ricky Nolasco,3830
Ricky Pickett,1010316
Ricky Romero,3403
Ricky Stone,576
Ricky Trlicek,1013188
Ricky Vanasco,23391
Ricky Wright,1014292
Rico Garcia,20023
Rigo Beltran,1916
Riley O'Brien,20348
Riley Pint,21858
Riley Smith,19826
Rinty Monahan,1009046
Rip Coleman,1002432
River Ryan,29514
Roansy Contreras,22810
Rob Bell,1492
Rob Brantly,10655
Rob Delaney,5100
Rob Dibble,1003269
Rob Dressler,1003495
Rob Gardner,1004531
Rob Johnson,8029
Rob Kaminsky,15792
Rob Mallicoat,1008023
Rob Murphy,1009374
Rob Radlosky,1010642
Rob Rasmussen,11250
Rob Scahill,9286
Rob Stanifer,1012403
Rob Whalen,14165
Rob Woodward,1014249
Rob Wooten,8532
Rob Zastryzny,15094
Robb Nen,1123
Robbie Beckett,1000750
Robbie Erlin,10354
Robbie Ray,11486
Robbie Ross Jr.,6819
Robbie Weinhardt,8479
Robby Scott,13042
Robel Garcia,13167
Robert Carson,2570
Robert Coello,1149
Robert Dodd,1003349
Robert Dugger,19191
Robert Ellis,649
Robert Garcia,23363
Robert Gasser,29812
Robert Gsellman,13696
Robert Manuel,817
Robert Person,966
Robert Ramsay,1010682
Robert Ray,3359
Robert Stephenson,13594
Robert Stock,6576
Robert Suarez,30115
Roberto Duran,1003584
Roberto Gomez,12963
Roberto Hernandez,605
Roberto Hernandez,3273
Roberto Novoa,2217
Roberto Osuna,13764
Roberto Ramirez,1010674
Roberto Rivera,1011006
Roberto Rodriguez,1011111
Roberto Vargas,1013368
Robin Roberts,1011046
Robin Ventura,854
Robinson Checo,1002172
Robinson Leyer,14399
Robinson Pina,23091
Robinson Tejeda,2575
Rocky Biddle,223
Rocky Cherry,5188
Rocky Childress,1002189
Rocky Colavito,1002404
Rocky Coppinger,1002604
Rod Beck,1730
Rod Brewer,1001408
Rod Henderson,1005635
Rod Nichols,1009569
Rod Scurry,1011700
Roddery Munoz,25311
Rodney Bolton,1001154
Rodney Myers,1511
Rodrigo Lopez,150
Rodrigo Rosario,1747
Roel Ramirez,16470
Roenis Elias,12673
Rogelio Armenteros,17679
Rogelio Martinez,1008195
Roger Bailey,1000429
Roger Bowman,1001270
Roger Clemens,815
Roger Craig,1002723
Roger Deago,1705
Roger Erickson,1003812
Roger Hambright,1005266
Roger Mason,1008222
Roger McDowell,1008475
Roger Miller,1008932
Roger Moret,1009168
Roger Nelson,1009511
Roger Pavlik,1010087
Roger Salkeld,1011384
Roger Samuels,1011401
Roger Slagle,1012050
Roger Smithberg,1012203
Roger Weaver,1013704
Roki Sasaki,35323
Roland de la Maza,1003161
Rolando Arrojo,174
Rolddy Munoz,27407
Rollie Fingers,1004051
Rollie Sheldon,1011855
Roman Colon,2242
Roman Mendez,10307
Roman Quinn,13546
Rommie Lewis,3588
Romulo Sanchez,4170
Romy Gonzalez,21562
Ron Blackburn,1001021
Ron Blazier,1001067
Ron Bryant,1001608
Ron Cook,1002576
Ron Darling,1002989
Ron Davis,1003075
Ron Diorio,1003318
Ron Flores,3152
Ron Guidry,1005124
Ron Herbel,1005685
Ron Keller,1006781
Ron Klimkowski,1007001
Ron Kline,1007004
Ron Law,1007401
Ron Locke,1007691
Ron Mahay,290
Ron Marinaccio,23488
Ron Mathis,1008244
Ron Meridith,1008782
Ron Moeller,1009024
Ron Mrozinski,1009275
Ron Musselman,1009409
Ron Necciai,1009478
Ron Negray,1009483
Ron Nischwitz,1009604
Ron Perranoski,1010201
Ron Piche,1010308
Ron Reed,1010773
Ron Rightnowar,1010959
Ron Robinson,1011076
Ron Romanick,1011168
Ron Schueler,1011622
Ron Taylor,1012885
Ron Tompkins,1013114
Ron Villone,1010
Ron Willis,1014036
Ronald Belisario,2203
Ronald Bolanos,20041
Ronald Herrera,15688
Ronald Torreyes,11400
Ronel Blanco,19407
Ronny Henriquez,24094
Rony Garcia,20430
Rookie Davis,14962
Roric Harrison,1005430
Rosario Rodriguez,1011112
Rosman Garcia,1691
Ross Baumgarten,1000689
Ross Detwiler,2859
Ross Gload,1538
Ross Grimsley,1005071
Ross Grimsley,1005070
Ross Ohlendorf,8268
Ross Powell,1010496
Ross Stripling,13273
Ross Wolf,4534
Rowan Wick,14646
Rowdy Tellez,15679
Roy Branch,1001344
Roy Corcoran,1780
Roy Face,1003891
Roy Halladay,1303
Roy Heiser,1005603
Roy Lee Jackson,1006311
Roy Oswalt,571
Roy Smith,1012202
Roy Smith,407
Roy Thomas,1012993
Roy Wright,1014293
Royce Lint,1007640
Royce Ring,4350
Rubby de la Rosa,3862
Ruben Gomez,1004827
Ruben Quevedo,705
Ruben Tejada,5519
Ruddy Lugo,2710
Rudy Arias,1000300
Rudy Arroyo,1000329
Rudy Hernandez,1005711
Rudy May,1008310
Rudy Minarcin,1008972
Rudy Owens,5226
Rudy Seanez,1279
Runelvys Hernandez,1528
Rupe Toppin,1013122
Russ Bauers,1000681
Russ Heman,1005618
Russ Kemmerer,1006824
Russ Meyer,1008833
Russ Ortiz,1124
Russ Springer,1652
Russ Swan,1012758
Russell Martin,4616
Rusty Gerhardt,1004631
Rusty Meacham,1008702
Rusty Richards,1010919
Ryan Bergert,29863
Ryan Borucki,16350
Ryan Bowen,1001248
Ryan Bradley,1001314
Ryan Brasier,5615
Ryan Braun,5648
Ryan Buchter,9456
Ryan Bukvich,1531
Ryan Burr,17536
Ryan Carpenter,12699
Ryan Castellani,16377
Ryan Cook,8855
Ryan Dempster,517
Ryan Dennick,9261
Ryan Drese,379
Ryan Dull,13974
Ryan Eades,14808
Ryan Feierabend,6336
Ryan Feltner,21446
Ryan Fernandez,24862
Ryan Fitzgerald,24622
Ryan Flaherty,7888
Ryan Franklin,1076
Ryan Garton,14016
Ryan Glynn,686
Ryan Goins,9807
Ryan Gusto,26440
Ryan Hancock,1005296
Ryan Hartman,19480
Ryan Hawblitzel,1005508
Ryan Helsley,18138
Ryan Hendrix,19535
Ryan Jensen,1117
Ryan Johnson,35325
Ryan Karp,1006707
Ryan Kelly,4858
Ryan Kohlmeier,1007082
Ryan Kurosaki,1007214
Ryan LaMarre,10700
Ryan Loutos,29521
Ryan Madson,1852
Ryan Mattheus,7169
Ryan McKenna,19928
Ryan Meisinger,18105
Ryan Merritt,13688
Ryan Miller,22187
Ryan Nye,1009668
Ryan O'Malley,4412
Ryan O'Rourke,10976
Ryan Pepiot,26221
Ryan Perry,8799
Ryan Pressly,7005
Ryan Raburn,2218
Ryan Reid,9385
Ryan Rolison,22200
Ryan Rowland-Smith,3245
Ryan Rua,12409
Ryan Rupe,1223
Ryan Sadowski,5916
Ryan Sherriff,12249
Ryan Snare,1912
Ryan Speier,3808
Ryan Tepera,10291
Ryan Thompson,16647
Ryan Tucker,1062
Ryan Verdugo,9154
Ryan Vogelsong,1011
Ryan Wagner,1770
Ryan Walker,20423
Ryan Weathers,23796
Ryan Webb,7474
Ryan Weber,10160
Ryan Yarbrough,16502
Ryan Zeferjahn,25420
Ryder Ryan,19891
Ryne Duren,1003586
Ryne Harper,12680
Ryne Nelson,26253
Ryne Stanek,15947
Ryota Igarashi,10232
Sal Bando,1000505
Sal Butera,1001765
Sal Campisi,1001897
Sal Maglie,1007968
Sal Romano,13690
Salome Barojas,1000584
Salomon Torres,1628
Sam Aldegheri,26443
Sam Bachman,29754
Sam Clay,16279
Sam Coonrod,17264
Sam Demel,868
Sam Dyson,11710
Sam Freeman,6832
Sam Fuld,8254
Sam Gaviglio,12778
Sam Hentges,18548
Sam Hinds,1005842
Sam Howard,16265
Sam Jones,1006590
Sam LeCure,4664
Sam Long,25379
Sam Marsonek,2144
Sam McConnell,2355
Sam McDowell,1008476
Sam Mejias,1008742
Sam Militello,1008865
Sam Moll,14874
Sam Narron,4516
Sam Selman,13397
Sam Tuivailala,13485
Sam Zoldak,1014458
Sammy Ellis,1003753
Sammy Gervacio,5127
Sammy Peralta,25589
Sammy Solis,11457
Sammy Stewart,1012528
Samuel Deduno,5285
Sandy Alcantara,18684
Sandy Baez,17754
Sandy Consuegra,1002547
Sandy Koufax,1007124
Sandy Leon,5273
Sandy Rosario,1525
Sandy Vance,1013344
Sandy Wihtol,1013935
Sang-Hoon Lee,1007465
Santiago Casilla,2873
Santiago Espinal,19997
Santiago Guzman,1005163
Santiago Ramirez,2122
Santo Alcala,1000110
Satchel Paige,1009962
Satoru Komiyama,881
Saul Rivera,2027
Saul Rogovin,1011143
Sauryn Lao,21922
Sawyer Gipson-Long,26048
Scipio Spinks,1012345
Scooter Gennett,10339
Scot Shields,35
Scott Aldred,1000115
Scott Alexander,10591
Scott Anderson,1000242
Scott Arnold,1000320
Scott Atchison,2642
Scott Bailes,1000430
Scott Baker,1000466
Scott Baker,6176
Scott Bankhead,1000510
Scott Barlow,14993
Scott Barnes,8718
Scott Blewett,16427
Scott Brow,1001570
Scott Brown,1001559
Scott Carroll,888
Scott Cassidy,1293
Scott Chiamparino,1002183
Scott Chiasson,269
Scott Copeland,10706
Scott Davison,1003077
Scott Diamond,5089
Scott Dohmann,1936
Scott Downs,773
Scott Dunn,2634
Scott Effross,18384
Scott Elarton,426
Scott Elbert,7489
Scott Erickson,137
Scott Eyre,1300
Scott Feldman,6283
Scott Forster,1004235
Scott Fredrickson,1004312
Scott Garrelts,1004546
Scott Holman,1005972
Scott Kamieniecki,1006681
Scott Karl,1006703
Scott Kazmir,4897
Scott Kingery,17975
Scott Klingenbeck,1007011
Scott Lewis,7322
Scott Lewis,1007588
Scott Linebrink,564
Scott MacRae,1007935
Scott Maine,885
Scott Mathieson,4771
Scott May,1008312
Scott McGough,12056
Scott McGregor,1008546
Scott Medvin,1008718
Scott Mullen,618
Scott Munninghoff,1009324
Scott Munter,3470
Scott Nielsen,1009586
Scott Oberg,13911
Scott Olsen,4529
Scott Patterson,5
Scott Proctor,1911
Scott Radinsky,1010641
Scott Randall,749
Scott Rice,2743
Scott Richmond,4307
Scott Ruffcorn,1011293
Scott Ruskin,1011309
Scott Sanders,1011423
Scott Sanderson,1011422
Scott Sauerbeck,1007
Scott Schoeneweis,33
Scott Scudder,1011699
Scott Service,1684
Scott Sheldon,1011856
Scott Snodgress,12020
Scott Sobkowiak,1012257
Scott Spiezio,37
Scott Stewart,797
Scott Strickland,897
Scott Sullivan,357
Scott Taylor,1012888
Scott Taylor,1012889
Scott Terry,1012930
Scott Watkins,1013673
Scott Wiggins,1631
Scott Williamson,361
Scott Winchester,1014120
Sean Bergman,1000881
Sean Burke,29878
Sean Burnett,1886
Sean Burroughs,1021
Sean DePaula,377
Sean Doolittle,1581
Sean Douglass,133
Sean Gallagher,8261
Sean Gilmartin,12781
Sean Green,3001
Sean Guenther,20045
Sean Henn,2147
Sean Hjelle,21481
Sean Lawrence,1007400
Sean Lowe,994
Sean Maloney,1008045
Sean Manaea,15873
Sean Marshall,5905
Sean Newcomb,16943
Sean Nolin,11341
Sean O'Sullivan,9137
Sean Poppen,19583
Sean Reid-Foley,17034
Sean Reynolds,22253
Sean Rodriguez,6589
Sean Runyan,1011305
Sean Spencer,1012327
Sean Tracey,4621
Sean West,4393
Sean White,5564
Sean Whiteside,1013893
Seby Zavala,18887
Sendy Rleal,2737
Seranthony Dominguez,19249
Sergio Alcantara,16417
Sergio Escalona,7122
Sergio Mitre,1773
Sergio Romo,9817
Sergio Santos,4734
Sergio Valdez,1013320
Seth Elledge,19766
Seth Etherton,322
Seth Frankoff,11346
Seth Greisinger,467
Seth Halvorsen,33294
Seth Johnson,26020
Seth Lugo,12447
Seth Maness,12235
Seth Martinez,21045
Seth McClung,1657
Seth Morehead,1009158
Seth Romero,21333
Seth Rosin,10606
Seunghwan Oh,18719
Severino Gonzalez,14697
Shad Williams,1014037
Shae Simmons,14200
Shairon Martis,6781
Shane Baz,22264
Shane Bieber,19427
Shane Bowers,1001254
Shane Carle,15258
Shane Greene,10756
Shane Halter,468
Shane Komine,4754
Shane Lindsay,3881
Shane Loux,1613
Shane McClanahan,21483
Shane Nance,1584
Shane Rawley,1010719
Shane Reynolds,574
Shane Robinson,4249
Shane Smith,31687
Shane Youman,3888
Shannon Withem,1014166
Shaun Anderson,19453
Shaun Marcum,6204
Shawn Armstrong,12857
Shawn Barton,1000633
Shawn Boskie,1001213
Shawn Camp,1855
Shawn Chacon,424
Shawn Dubin,24977
Shawn Estes,873
Shawn Hill,1882
Shawn Hillegas,1005818
Shawn Holman,1005973
Shawn Kelley,7773
Shawn Morimando,13606
Shawn Sedlacek,1519
Shawn Tolleson,10481
Shayne Bennett,1000847
Shea Spitzbarth,18475
Shelby Miller,10197
Sheldon Burnside,1001719
Sheldon Jones,1006591
Sheldon Neuse,19635
Sherman Corbett,1002611
Sherman Jones,1006592
Shigetoshi Hasegawa,1082
Shingo Takatsu,1896
Shinnosuke Ogasawara,35324
Shintaro Fujinami,31839
Shohei Ohtani,19755
Shota Imanaga,33829
Shun Yamaguchi,27460
Sid Fernandez,1004001
Sid Hudson,1006141
Sid Monge,1009053
Sid Roberson,1011048
Sid Schacht,1011505
Sidney Ponson,161
Silvino Bracho,15051
Silvio Martinez,1008196
Simeon Woods Richardson,24494
Simon Castro,9243
Sixto Sanchez,19680
Skip Guinn,1005128
Skip Lockwood,1007696
Skip Pitlock,1010373
Skip Schumaker,3704
Slade Cecconi,27500
Sonny Dixon,1003333
Sonny Gray,12768
Sonny Siebert,1011951
Sparky Lyle,1007859
Spec Shea,1011841
Spencer Arrighetti,29921
Spencer Bivens,30226
Spencer Howard,23252
Spencer Patton,12361
Spencer Schwellenbach,31846
Spencer Strider,27498
Spencer Turnbull,16207
Spenser Watkins,17489
Stacy Jones,1006594
Stan Bahnsen,1000414
Stan Belinda,1000792
Stan Clarke,1002310
Stan Fansler,1003926
Stan Musial,1009405
Stan Perzanowski,1010218
Stan Pitula,1010380
Stan Spencer,1012329
Stan Thomas,1012994
Stan Wall,1013564
Stan Williams,1014039
Stefan Crichton,16058
Stefan Wever,1013819
Stephen Fife,8077
Stephen Gonsalves,15492
Stephen Kolek,21487
Stephen Nogosek,19545
Stephen Pryor,10663
Stephen Randolph,1655
Stephen Ridings,22358
Stephen Strasburg,10131
Stephen Tarpley,15859
Sterling Hitchcock,824
Sterling Sharp,19671
Sterling Slaughter,1012061
Steve Adkins,1000077
Steve Andrade,7018
Steve Arlin,1000303
Steve Avery,1706
Steve Bailey,1000431
Steve Baker,1000467
Steve Barber,1000530
Steve Barber,1000531
Steve Barr,1000613
Steve Bechler,1590
Steve Bedrosian,1000766
Steve Blass,1001058
Steve Blateric,1001059
Steve Bourgeois,1001237
Steve Brown,1001561
Steve Burke,1001691
Steve Busby,1001745
Steve Carlton,1001964
Steve Chitren,1002199
Steve Cishek,6483
Steve Colyer,1678
Steve Comer,1002482
Steve Connelly,1002519
Steve Cooke,1002570
Steve Crawford,1002749
Steve Cummings,1002875
Steve Curry,1002895
Steve Davis,1003081
Steve Delabar,11827
Steve Dillon,1003308
Steve Dixon,1003334
Steve Dreyer,1003500
Steve Dunning,1003572
Steve Eddy,1003664
Steve Edlefsen,2185
Steve Ellsworth,1003755
Steve Engel,1003778
Steve Falteisek,1003919
Steve Farr,1003953
Steve Finley,54
Steve Fireovid,1004063
Steve Foster,1004260
Steve Foucault,1004262
Steve Frey,1004344
Steve Gajkowski,1004438
Steve Garrison,9869
Steve Geltz,8402
Steve Green,1005012
Steve Grilli,1005059
Steve Gromek,1005080
Steve Hamilton,1005277
Steve Hargan,1005356
Steve Hathaway,15293
Steve Howe,1006107
Steve Johnson,4053
Steve Jones,1006593
Steve Karsay,829
Steve Kealey,1006727
Steve Kent,1218
Steve Kline,1007005
Steve Kline,1164
Steve Kraly,1007136
Steve Lawson,1007407
Steve Luebber,1007819
Steve Lyons,1007886
Steve McCatty,1008383
Steve Mingori,1008978
Steve Mintz,1008987
Steve Montgomery,1009074
Steve Mura,1009337
Steve Nagy,1009440
Steve Olin,1009768
Steve Ontiveros,1009826
Steve Parris,1316
Steve Peters,1010241
Steve Phoenix,1010302
Steve Rain,1010657
Steve Ratzer,1010713
Steve Reed,1053
Steve Renko,1010835
Steve Ridzik,1010950
Steve Rogers,1011138
Steve Rosenberg,1011215
Steve Schmoll,5495
Steve Schrenk,1011614
Steve Searcy,1011704
Steve Senteney,1011748
Steve Shea,1011842
Steve Shields,1011892
Steve Shifflett,1011896
Steve Shirley,1011913
Steve Simpson,1011998
Steve Sinclair,1012004
Steve Smyth,1577
Steve Soderstrom,1012261
Steve Sparks,1012305
Steve Sparks,499
Steve Stemle,2518
Steve Stone,1012573
Steve Tolleson,4450
Steve Trachsel,898
Steve Trout,1013197
Steve Wapnick,1013601
Steve Waterbury,1013665
Steve Watkins,2029
Steve Wilson,1014105
Steve Wojciechowski,1014181
Steve Woodard,1285
Steve Ziem,1014437
Steven Ames,9615
Steven Brault,15291
Steven Cruz,23165
Steven Jackson,7341
Steven Matz,13361
Steven Okert,13580
Steven Register,7463
Steven Shell,3681
Steven Wilson,20353
Steven Wright,8185
Stevie Wilkerson,16041
Stew Cliburn,1002350
Stolmy Pimentel,6415
Storm Davis,1003080
Stover McIlwain,1008568
Stu Miller,1008935
Stu Tate,1012839
Stuart Pomeranz,6382
Stubby Overmire,1009911
Sugar Marimon,6027
Sun-Woo Kim,197
T.J. Beam,6101
T.J. House,9121
T.J. Mathews,567
T.J. McFarland,3237
T.J. Tucker,800
T.J. Zeuch,19269
T.R. Bryden,1001609
Taijuan Walker,11836
Taj Bradley,22543
Takahito Nomura,699
Takashi Kashiwada,1006710
Takashi Saito,6021
Tanner Anderson,18029
Tanner Banks,16990
Tanner Bibee,30134
Tanner Gordon,27669
Tanner Houck,19879
Tanner Rainey,17610
Tanner Roark,8753
Tanner Scheppers,10267
Tanner Scott,17586
Tanner Tully,19518
Tanyon Sturtze,1230
Tarik Skubal,22267
Tavo Alvarez,1000200
Tayler Saucedo,17888
Tayler Scott,13652
Taylor Buchholz,2168
Taylor Clarke,17611
Taylor Cole,11964
Taylor Davis,12782
Taylor Guerrieri,13616
Taylor Guilbeau,18306
Taylor Hearn,18325
Taylor Hill,12515
Taylor Jordan,10466
Taylor Jungmann,13119
Taylor Motter,12399
Taylor Phillips,1010298
Taylor Rashi,26344
Taylor Rogers,13449
Taylor Tankersley,8249
Taylor Thompson,10019
Taylor Widener,19266
Taylor Williams,14899
Tayron Guerrero,11691
Ted Abernathy,1000020
Ted Bowsfield,1001273
Ted Davidson,1003029
Ted Gray,1004978
Ted Lilly,833
Ted Power,1010504
Ted Sadowski,1011366
Ted Wieand,1013923
Ted Wilks,1013962
Ted Wills,1014054
Teddy Higuera,1005799
Tejay Antone,16233
Terrell Wade,1013474
Terry Adams,946
Terry Blocker,1001079
Terry Bross,1001481
Terry Burrows,1001733
Terry Clark,1002312
Terry Cornutt,1002635
Terry Cox,1002707
Terry Enyart,1003793
Terry Felton,1003979
Terry Forster,1004236
Terry Fox,1004284
Terry Francona,1004292
Terry Leach,1007427
Terry Ley,1007591
Terry Mathews,1008241
Terry Mulholland,665
Terry Pearson,487
Terry Taylor,1012890
Terry Wells,1013771
Terry Wilshusen,1014057
Tex Clevenger,1002348
Tex Hoyle,1006112
Thad Tillotson,1013069
Thad Ward,21513
Thad Weber,8036
Thomas Diamond,8025
Thomas Eshelman,18361
Thomas Hatch,19264
Thomas Pannone,17281
Thomas Szapucki,21065
Thornton Kipper,1006958
Thyago Vieira,14510
Tim Adleman,10968
Tim Barrett,1000601
Tim Belcher,1000789
Tim Birtsas,1000985
Tim Bogar,1001120
Tim Burke,1001692
Tim Byrdak,1995
Tim Christman,1002224
Tim Collins,3164
Tim Conroy,1002543
Tim Cooney,13762
Tim Corcoran,2351
Tim Crabtree,1002715
Tim Crews,1002765
Tim Davis,1003082
Tim Dillard,5518
Tim Drew,380
Tim Drummond,1003514
Tim Federowicz,8609
Tim Fortugno,1004240
Tim Hamulack,1900
Tim Harikkala,1909
Tim Herrin,25139
Tim Hill,16814
Tim Hudson,921
Tim Jones,1006598
Tim Jones,1006597
Tim Kubinski,1007191
Tim Laker,1681
Tim Layana,1007413
Tim Leary,1007438
Tim Lincecum,5705
Tim Lollar,1007715
Tim Lopes,14137
Tim Mauser,1008281
Tim Mayza,15042
Tim Melville,9149
Tim Peterson,13946
Tim Plodinec,1010398
Tim Pugh,1010560
Tim Redding,573
Tim Scott,1011694
Tim Sherrill,1011885
Tim Spooneybarger,1484
Tim Stauffer,6432
Tim Stoddard,1012556
Tim Van Egmond,1013354
Tim Wakefield,219
Tim Wallach,1013554
Tim Wood,3775
Tim Worrell,1139
Tim Young,1014392
Tippy Martinez,1008200
Tobi Stoner,4591
Tobias Myers,22191
Toby Borland,511
Todd Belitz,1000793
Todd Burns,1001721
Todd Coffey,2467
Todd Cruz,1002844
Todd Erdos,1003804
Todd Fischer,1004072
Todd Frazier,785
Todd Frohwirth,1004374
Todd Jones,436
Todd Redmond,9943
Todd Revenig,1010854
Todd Ritchie,253
Todd Rizzo,1011010
Todd Stottlemyre,75
Todd Van Poppel,1284
Todd Wellemeyer,1709
Todd Williams,805
Todd Worrell,1014259
Todd Zeile,457
Tom Acker,1000031
Tom Baker,1000469
Tom Bolton,1001155
Tom Borland,1001205
Tom Bradley,1001316
Tom Brennan,1001392
Tom Brewer,1001409
Tom Brown,1001565
Tom Browning,1001566
Tom Bruno,1001594
Tom Burgmeier,1001668
Tom Buskey,1001759
Tom Butters,1001785
Tom Candiotti,1001911
Tom Carroll,1002007
Tom Cheney,1002177
Tom Cosgrove,23443
Tom Davey,1026
Tom Dettore,1003237
Tom Dixon,1003335
Tom Dozier,1003472
Tom Drees,1003488
Tom Dukes,1003545
Tom Edens,1003671
Tom Ferrick,1004014
Tom Filer,1004040
Tom Fisher,1004099
Tom Flanigan,1004136
Tom Fletcher,1004156
Tom Foley,1004200
Tom Fordham,1004222
Tom Funk,1004408
Tom Gilles,1004718
Tom Glavine,90
Tom Gordon,282
Tom Gorman,1004887
Tom Gorman,1004886
Tom Gorzelanny,6244
Tom Griffin,1005054
Tom Hall,1005262
Tom Harrington,31989
Tom Harrison,1005433
Tom Hausman,1005505
Tom Henke,1005649
Tom Herrin,1005730
Tom Hilgendorf,1005806
Tom House,1006064
Tom Hughes,1006167
Tom Hume,1006179
Tom Hurd,1006217
Tom Hutton,1006246
Tom Jacquez,1006332
Tom Johnson,1006508
Tom Kelley,1006782
Tom Klawitter,1006989
Tom Koehler,6570
Tom Kramer,1007139
Tom Makowski,1008008
Tom Martin,1219
Tom Mastny,5768
Tom McAvoy,1008335
Tom McCarthy,1008381
Tom McGraw,1008544
Tom Metcalf,1008805
Tom Morgan,1009184
Tom Murphy,1009376
Tom Murphy,13499
Tom Newell,1009532
Tom Niedenfuer,1009578
Tom Norton,1009647
Tom Parsons,1010031
Tom Phoebus,1010301
Tom Poholsky,1010412
Tom Qualters,1010588
Tom Seaver,1011708
Tom Shearn,2040
Tom Sturdivant,1012654
Tom Tellmann,1012907
Tom Thobe,1012960
Tom Timmermann,1013071
Tom Underwood,1013281
Tom Urbani,1013299
Tom Waddell,1013468
Tom Walker,1013536
Tom Wilhelmsen,9975
Tomas Nido,13755
Tomas Perez,965
Tommie Sisk,1012018
Tommy Boggs,1001123
Tommy Byrne,1001801
Tommy Doyle,21281
Tommy Fine,1004050
Tommy Gramly,1004940
Tommy Greene,1005013
Tommy Hanson,9129
Tommy Henry,26285
Tommy Hottovy,7542
Tommy Hunter,1157
Tommy John,1006515
Tommy Kahnle,11384
Tommy La Stella,12371
Tommy Lasorda,1007369
Tommy Layne,7501
Tommy Milone,7608
Tommy Moore,1009129
Tommy Nance,19178
Tommy Phelps,1665
Tommy Romero,23465
Tommy Toms,1013115
Tomo Ohka,788
Tomoyuki Sugano,35321
Tony Armas Jr.,761
Tony Arnold,1000321
Tony Balsamo,1000499
Tony Barnette,3555
Tony Brizzolara,1001452
Tony Castillo,1002069
Tony Chevez,1002182
Tony Cingrani,12555
Tony Cloninger,1002359
Tony Cogan,1002395
Tony Ferreira,1004009
Tony Fiore,726
Tony Fossas,1004242
Tony Ghelfi,1004653
Tony Gonsolin,19388
Tony Jacobs,1006329
Tony Mack,1007929
Tony McKnight,1008602
Tony Menendez,1008764
Tony Mounce,1739
Tony Pena,2240
Tony Pena,4573
Tony Pierce,1010333
Tony Santillan,19926
Tony Saunders,1011463
Tony Sipp,8280
Tony Watson,3132
Tony Zych,12876
Toru Murata,11652
Touki Toussaint,16929
Tracy Stallard,1012392
Travis Adams,30180
Travis Baptist,1000521
Travis Bergen,18581
Travis Blackley,3234
Travis Bowyer,2653
Travis Chick,4524
Travis Demeritte,15958
Travis Driskill,134
Travis Harper,1211
Travis Hughes,2045
Travis Jankowski,13768
Travis Lakins Sr.,18600
Travis Miller,742
Travis Phelps,1221
Travis Schlichting,3847
Travis Smith,1522
Travis Snider,2830
Travis Wood,9884
Trent Durrington,1805
Trent Thornton,17948
Trever Miller,1672
Trevor Bauer,12703
Trevor Bell,7074
Trevor Cahill,6249
Trevor Enders,1003775
Trevor Gott,15046
Trevor Hildenberger,17002
Trevor Hoffman,1035
Trevor Kelley,18454
Trevor May,6398
Trevor McDonald,26448
Trevor Megill,17722
Trevor Oaks,16468
Trevor Richards,19309
Trevor Rogers,22286
Trevor Rosenthal,10745
Trevor Stephan,19932
Trevor Williams,16977
Trevor Wilson,1014109
Trey Hodges,1608
Trey Moore,1009130
Trey Wingenter,17793
Trey Yesavage,35456
Tristan Beck,21584
Triston McKenzie,18000
Troy Brohawn,1110
Troy Cate,4627
Troy Herriage,1005731
Troy Mattes,1008252
Troy Melton,31807
Troy Patton,8368
Troy Percival,29
Troy Scribner,15570
Troy Taylor,31883
Trystan Magnuson,3646
Tsuyoshi Wada,13046
Tucker Barnhart,10200
Tucker Davidson,19871
Tug McGraw,1008545
Turk Farrell,1003950
Turk Lown,1007793
Turk Wendell,975
Ty Adcock,25651
Ty Blach,14361
Ty Buttrey,14719
Ty France,17982
Ty Madden,30140
Ty Taubenheim,5561
Ty Tice,20177
Tyler Alexander,17735
Tyler Anderson,12880
Tyler Bashlor,15203
Tyler Beede,16981
Tyler Chatwood,4338
Tyler Clippard,5640
Tyler Cloyd,8536
Tyler Cravy,10770
Tyler Cyr,18421
Tyler Danish,15126
Tyler Duffey,13758
Tyler Ferguson,19481
Tyler Fitzgerald,26208
Tyler Gilbert,17964
Tyler Glasnow,14374
Tyler Green,1005014
Tyler Heineman,13897
Tyler Holt,11391
Tyler Holton,26231
Tyler Ivey,20237
Tyler Jay,17952
Tyler Johnson,3404
Tyler Kinley,18297
Tyler Ladendorf,3211
Tyler Lyons,11334
Tyler Mahle,16358
Tyler Matzek,10058
Tyler Moore,7244
Tyler Olson,14741
Tyler Owens,26030
Tyler Phillips,20629
Tyler Pill,12751
Tyler Robertson,3223
Tyler Rogers,15541
Tyler Skaggs,10190
Tyler Sturdevant,6780
Tyler Thornburg,10688
Tyler Wade,15730
Tyler Wagner,13796
Tyler Walker,901
Tyler Webb,14974
Tyler Wells,20000
Tyler White,15564
Tyler Wilson,12691
Tyler Yates,1527
Tyler Zuber,20379
Tylor Megill,21318
Tyrell Jenkins,11378
Tyson Brummett,509
Tyson Miller,19976
Tyson Ross,7872
Tzu-Wei Lin,14678
Ubaldo Heredia,1005687
Ubaldo Jimenez,3374
Ugueth Urbina,216
Urbano Lugo,1007823
Valente Bellozo,23899
Valerio de los Santos,681
Van Fletcher,1004157
Vance Law,1007409
Vance Lovelace,1007773
Vance Worley,6435
Vaughn Eshelman,1003825
Verle Tiefenthaler,1013058
Vern Bickford,1000947
Vern Fear,1003964
Vern Geishert,1004605
Vern Handrahan,1005302
Vern Holtgrave,1005984
Vern Law,1007410
Vern Ruhle,1011297
Vic Albury,1000109
Vic Black,9195
Vic Darensbourg,516
Vic Davalillo,1003012
Vic Lombardi,1007722
Vic Raschi,1010702
Vicente Amor,1000213
Vicente Campos,11681
Vicente Padilla,964
Vicente Palacios,1009965
Vicente Romo,1011177
Victor Alcantara,15028
Victor Alvarez,1559
Victor Arano,15915
Victor Bernal,1000890
Victor Caratini,14968
Victor Cole,1002439
Victor Cruz,1002845
Victor Garate,4036
Victor Gonzalez,16408
Victor Marte,5158
Victor Mederos,31533
Victor Santos,446
Victor Vodnik,24614
Victor Zambrano,1237
Vida Blue,1001094
Vidal Brujan,20536
Vidal Nuno,9674
Vin Mazzaro,5231
Vince Colbert,1002408
Vince Gonzales,1004846
Vince Horsman,1006033
Vince Velasquez,11189
Vinegar Bend Mizell,1009015
Vinnie Chulk,1838
Vinnie Pestano,4782
Vinny Capra,25040
Vinny Nittoli,16754
Virgil Jester,1006404
Virgil Trucks,1013203
Virgil Vasquez,6124
Vito Valentinetti,1013330
Vladimir Gutierrez,19278
Vladimir Nunez,532
Von McDaniel,1008443
Wade Blasingame,1001057
Wade Boggs,1001124
Wade Davis,7441
Wade LeBlanc,5221
Wade Miley,8779
Wade Miller,568
Wade Taylor,1012893
Waldis Joaquin,6580
Walker Buehler,19374
Walker Lockett,13804
Wally Bunker,1001652
Wally Burnette,1001700
Wally Ritchie,1010989
Wally Whitehurst,1013896
Wally Wolf,1014198
Walt Craddock,1002716
Walt Kellner,1006786
Walt Masterson,1008230
Walt Terrell,1012924
Walter Pennington,27624
Walter Silva,5157
Wander Suero,15855
Wandy Peralta,14295
Wandy Rodriguez,2586
Warner Madrigal,6419
Warren Bogle,1001125
Warren Brusstar,1001599
Warren Hacker,1005182
Warren Spahn,1012299
Warwick Saupold,13211
Wascar Serrano,1011754
Wayne Edwards,1003694
Wayne Franklin,557
Wayne Garland,1004538
Wayne Gomes,191
Wayne Granger,1004945
Wayne Gross,1005091
Wayne McLeland,1008623
Wayne Nordhagen,1009626
Wayne Rosenthal,1011216
Wayne Schurr,1011651
Wayne Simpson,1011999
Wayne Twitchell,1013244
Webbo Clarke,1002316
Wei-Chieh Huang,17508
Wei-Chung Wang,14382
Wei-Yin Chen,13071
Wenty Ford,1004226
Wes Benjamin,19243
Wes Gardner,1004532
Wes Littleton,6236
Wes Obermueller,1637
Wes Parsons,14764
Wes Stock,1012553
Wes Whisler,8023
Wesley Wright,5960
Weston Wilson,19358
Whammy Douglas,1003437
Whit Merrifield,11281
Whitey Ford,1004227
Wikelman Gonzalez,26641
Wiki Gonzalez,1033
Wil Crowe,19800
Wil Ledezma,1669
Wil Myers,10047
Wilbur Wood,1014248
Wilfredo Boscan,7655
Wilfredo Rodriguez,1011117
Wilking Rodriguez,8801
Will Brunson,1001596
Will Cunnane,274
Will Harris,3192
Will Klein,27787
Will McEnaney,1008482
Will Ohman,296
Will Smith,8048
Will Vest,19769
Will Warren,30182
Will Wilson,25434
Willard Hunter,1006207
Willard Nixon,1009610
Willard Schmidt,1011589
Willi Castro,17338
William Brennan,1001393
William Cuevas,13331
William Van Landingham,1013358
William Woods,25075
Williams Jerez,14338
Williams Perez,11592
Willians Astudillo,15608
Willie Adams,1000066
Willie Banks,1434
Willie Blair,1001033
Willie Collazo,3503
Willie Eyre,2078
Willie Fraser,1004306
Willie Hernandez,1005714
Willie MacIver,24641
Willie Martinez,1008203
Willie Mueller,1009285
Willie Prall,1010509
Willie Ramsdell,1010683
Willie Smith,1012217
Willie Smith,1012216
Willis Roberts,167
Wilmer Difo,14320
Wilmer Font,5257
Wilson Alvarez,1193
Wilson Heredia,1005688
Wilson Valdez,1863
Wilton Lopez,4227
Wily Peralta,7738
Win Remmerswaal,1010825
Windy McCall,1008359
Winston Abreu,582
Woodie Fryman,1004381
Woody Main,1008002
Woody Williams,1190
Wyatt Mathisen,14555
Wyatt Mills,20010
Wynn Hawkins,1005515
Xavier Cedeno,36
Xavier Hernandez,1005715
Xzavion Curry,25595
Yacksel Rios,15007
Yadier Molina,7007
Yaramil Hiraldo,25215
Yariel Rodriguez,33838
Yasuhiko Yabuta,3277
Yefry Ramirez,15655
Yency Almonte,15068
Yennier Cano,25911
Yennsy Diaz,20218
Yermin Mercedes,17423
Yerry De Los Santos,21420
Yerry Rodriguez,21955
Yhency Brazoban,2150
Yhonathan Barrios,11166
Yilber Diaz,29271
Yimi Garcia,12095
Yoan Lopez,17181
Yoel Hernandez,2576
Yoendrys Gomez,22872
Yoervis Medina,10498
Yohan Flande,5057
Yohan Pino,6955
Yohan Ramirez,19444
Yohander Mendez,14391
Yolmer Sanchez,11602
Yonny Chirinos,16401
Yonny Hernandez,19432
Yordano Ventura,11855
Yorkis Perez,1513
Yorman Bazardo,3143
Yoshihisa Hirano,19756
Yoshinobu Yamamoto,33825
Yoshinori Tateyama,11651
Yoslan Herrera,7759
Yosver Zulueta,27765
Yovani Gallardo,8173
Yovanny Lara,1007342
Yu Chang,14773
Yu Darvish,13074
Yuki Matsui,33826
Yunesky Maya,11420
Yunior Marte,14416
Yusei Kikuchi,20633
Yusmeiro Petit,4020
Zac Curtis,16684
Zac Gallen,19291
Zac Grotz,18256
Zac Kristofak,27585
Zac Lowther,20243
Zac Reininger,15285
Zac Rosscup,9419
Zach Agnos,31552
Zach Braddock,4553
Zach Brzykcy,27783
Zach Crouch,1002817
Zach Davies,13183
Zach Day,1496
Zach Duke,3840
Zach Eflin,13774
Zach Jackson,19493
Zach Jackson,8356
Zach Kroenke,4383
Zach Lee,11468
Zach Logue,20231
Zach Maxwell,31610
Zach McAllister,2895
Zach McClellan,2965
Zach McKinstry,19392
Zach Miner,3193
Zach Monroe,1009058
Zach Muckenhirn,20209
Zach Neal,11294
Zach Penrod,25368
Zach Phillips,99
Zach Plesac,19979
Zach Pop,20185
Zach Putnam,9080
Zach Stewart,7397
Zach Thompson,16094
Zack Britton,3240
Zack Burdi,19159
Zack Godley,14862
Zack Greinke,1943
Zack Kelly,20349
Zack Littell,15823
Zack Segovia,8742
Zack Short,19562
Zack Thompson,25918
Zack Weiss,15444
Zack Wheeler,10310
Zak Kent,25703
Zak Shinall,1011899
Zane Smith,1012218
Zebby Matthews,31827
Zeke Spruill,3873
